"","REDCODE","SEXO","EXCLUIDOS","OCUPADOS","OCUPADOS_1","OCUPADOS_2","OCUPADOS_3","OCUPADOS_5","OCUPADOS_6","DESOCUPADO","DESOCUPA_1","DESOCUPA_2","DESOCUPA_3","DESOCUPA_4","DESOCUPA_5","INACTIVOS","INACTIVOS_","INACTIVO_1","INACTIVO_2","INACTIVO_3","INACTIVO_4","ACTIVOS","ACTIVOS_14","ACTIVOS_18","ACTIVOS_30","ACTIVOS_50","ACTIVOS_65","TOTAL_POBL","TOTAL_PO_1","TOTAL_PO_2","TOTAL_PO_3","TOTAL_PO_4","TOTAL_PO_5"
"1","141540101",1,71,27,1,7,15,4,0,5,0,2,3,0,0,39,4,6,11,6,12,32,1,9,18,4,0,71,5,15,29,10,12
"2","141540102",1,106,53,2,13,19,14,5,4,0,3,1,0,0,49,3,11,11,14,10,57,2,16,20,14,5,106,5,27,31,28,15
"3","141750101",1,76,44,4,12,11,12,5,0,0,0,0,0,0,32,4,6,9,7,6,44,4,12,11,12,5,76,8,18,20,19,11
"4","141540103",1,242,90,1,21,47,18,3,8,0,2,5,1,0,144,24,28,36,23,33,98,1,23,52,19,3,242,25,51,88,42,36
"5","141540202",1,18,15,4,2,7,2,0,0,0,0,0,0,0,3,1,0,2,0,0,15,4,2,7,2,0,18,5,2,9,2,0
"6","141540201",1,125,38,2,7,15,13,1,1,0,0,0,1,0,86,10,17,28,14,17,39,2,7,15,14,1,125,12,24,43,28,18
"7","141540106",1,12,5,0,1,4,0,0,0,0,0,0,0,0,7,0,4,2,1,0,5,0,1,4,0,0,12,0,5,6,1,0
"8","141120101",1,58,39,7,8,13,9,2,2,0,0,2,0,0,17,5,4,5,2,1,41,7,8,15,9,2,58,12,12,20,11,3
"9","141540105",1,49,33,4,8,13,8,0,1,0,1,0,0,0,15,5,2,3,4,1,34,4,9,13,8,0,49,9,11,16,12,1
"10","141120102",1,101,63,2,13,16,21,11,1,0,0,0,1,0,37,4,4,9,11,9,64,2,13,16,22,11,101,6,17,25,33,20
"11","141120201",1,444,173,5,49,72,39,8,13,0,6,6,1,0,258,37,45,63,51,62,186,5,55,78,40,8,444,42,100,141,91,70
"12","141540104",1,260,88,4,29,28,19,8,15,1,8,4,2,0,157,31,31,37,24,34,103,5,37,32,21,8,260,36,68,69,45,42
"13","141540205",1,64,34,1,12,10,9,2,1,0,1,0,0,0,29,5,3,6,8,7,35,1,13,10,9,2,64,6,16,16,17,9
"14","141120103",1,106,28,2,8,9,8,1,1,0,0,0,1,0,77,7,7,17,20,26,29,2,8,9,9,1,106,9,15,26,29,27
"15","141120207",1,349,146,11,40,66,27,2,8,0,2,4,2,0,195,47,52,41,25,30,154,11,42,70,29,2,349,58,94,111,54,32
"16","141120104",1,240,96,1,25,45,18,7,2,0,0,1,1,0,142,24,18,26,40,34,98,1,25,46,19,7,240,25,43,72,59,41
"17","141540204",1,114,58,6,13,30,6,3,11,2,5,4,0,0,45,6,5,13,8,13,69,8,18,34,6,3,114,14,23,47,14,16
"18","141540203",1,64,26,2,5,10,8,1,2,0,0,2,0,0,36,4,4,12,9,7,28,2,5,12,8,1,64,6,9,24,17,8
"19","141750102",1,61,22,0,6,9,7,0,1,0,1,0,0,0,38,6,7,7,9,9,23,0,7,9,7,0,61,6,14,16,16,9
"20","141120204",1,48,27,2,7,15,3,0,1,0,1,0,0,0,20,5,3,4,1,7,28,2,8,15,3,0,48,7,11,19,4,7
"21","141540209",1,405,222,11,70,92,35,14,19,0,10,6,3,0,164,22,33,23,40,46,241,11,80,98,38,14,405,33,113,121,78,60
"22","141540211",1,726,413,18,107,185,82,21,33,3,24,4,2,0,280,73,50,38,57,62,446,21,131,189,84,21,726,94,181,227,141,83
"23","141750110",1,552,224,11,74,88,42,9,28,0,12,11,3,2,300,74,58,51,52,65,252,11,86,99,45,11,552,85,144,150,97,76
"24","141540210",1,482,266,8,69,157,29,3,17,2,9,3,2,1,199,76,44,39,19,21,283,10,78,160,31,4,482,86,122,199,50,25
"25","141540107",1,87,31,2,12,13,3,1,3,1,2,0,0,0,53,5,12,15,10,11,34,3,14,13,3,1,87,8,26,28,13,12
"26","141120108",1,120,62,8,13,27,10,4,1,0,1,0,0,0,57,13,9,12,8,15,63,8,14,27,10,4,120,21,23,39,18,19
"27","141120105",1,109,52,4,11,27,8,2,10,3,2,4,1,0,47,12,6,11,5,13,62,7,13,31,9,2,109,19,19,42,14,15
"28","141120206",1,136,23,4,5,6,8,0,1,0,1,0,0,0,112,13,26,47,19,7,24,4,6,6,8,0,136,17,32,53,27,7
"29","141120202",1,45,30,1,6,17,5,1,2,0,1,0,1,0,13,1,2,4,2,4,32,1,7,17,6,1,45,2,9,21,8,5
"30","141120301",1,88,32,1,8,12,10,1,0,0,0,0,0,0,56,4,11,9,12,20,32,1,8,12,10,1,88,5,19,21,22,21
"31","141120106",1,185,84,1,14,42,22,5,5,1,2,2,0,0,96,9,22,19,21,25,89,2,16,44,22,5,185,11,38,63,43,30
"32","141540206",1,54,22,2,8,9,3,0,0,0,0,0,0,0,32,4,5,8,8,7,22,2,8,9,3,0,54,6,13,17,11,7
"33","141540207",1,85,37,2,6,18,7,4,0,0,0,0,0,0,48,5,4,13,6,20,37,2,6,18,7,4,85,7,10,31,13,24
"34","141120109",1,492,250,6,76,119,40,9,5,2,1,2,0,0,237,54,61,45,34,43,255,8,77,121,40,9,492,62,138,166,74,52
"35","141120112",1,794,452,43,118,221,60,10,25,2,10,8,4,1,317,88,57,72,46,54,477,45,128,229,64,11,794,133,185,301,110,65
"36","141120110",1,520,319,18,86,134,72,9,7,0,4,2,1,0,194,59,44,23,39,29,326,18,90,136,73,9,520,77,134,159,112,38
"37","141120111",1,317,174,0,42,76,47,9,8,0,5,2,1,0,135,27,26,12,30,40,182,0,47,78,48,9,317,27,73,90,78,49
"38","141120115",1,444,271,14,64,152,37,4,21,5,7,9,0,0,152,43,36,36,13,24,292,19,71,161,37,4,444,62,107,197,50,28
"39","141120113",1,470,325,19,71,125,86,24,4,0,4,0,0,0,141,30,30,20,18,43,329,19,75,125,86,24,470,49,105,145,104,67
"40","141120114",1,268,151,18,31,73,18,11,9,1,3,4,1,0,108,20,21,20,18,29,160,19,34,77,19,11,268,39,55,97,37,40
"41","141120107",1,73,38,3,12,12,11,0,0,0,0,0,0,0,35,7,6,8,4,10,38,3,12,12,11,0,73,10,18,20,15,10
"42","141750103",1,125,53,1,12,23,10,7,0,0,0,0,0,0,72,8,17,12,17,18,53,1,12,23,10,7,125,9,29,35,27,25
"43","141120303",1,97,17,0,4,9,4,0,0,0,0,0,0,0,80,9,14,19,18,20,17,0,4,9,4,0,97,9,18,28,22,20
"44","140280103",1,239,108,4,30,38,25,11,4,0,1,2,1,0,127,13,17,30,29,38,112,4,31,40,26,11,239,17,48,70,55,49
"45","141120302",1,207,93,2,21,42,19,9,3,0,2,1,0,0,111,13,15,26,19,38,96,2,23,43,19,9,207,15,38,69,38,47
"46","141120203",1,51,18,0,5,10,2,1,0,0,0,0,0,0,33,6,12,6,3,6,18,0,5,10,2,1,51,6,17,16,5,7
"47","141120205",1,42,19,2,3,6,7,1,1,0,1,0,0,0,22,1,6,8,5,2,20,2,4,6,7,1,42,3,10,14,12,3
"48","141750111",1,448,221,10,56,86,50,19,5,0,1,2,2,0,222,48,52,43,38,41,226,10,57,88,52,19,448,58,109,131,90,60
"49","140490101",1,83,53,1,7,25,15,5,2,0,1,1,0,0,28,4,3,9,8,4,55,1,8,26,15,5,83,5,11,35,23,9
"50","141540208",1,85,22,0,2,10,8,2,3,0,1,2,0,0,60,7,7,13,16,17,25,0,3,12,8,2,85,7,10,25,24,19
"51","141750104",1,60,33,0,5,16,10,2,1,1,0,0,0,0,26,3,2,9,9,3,34,1,5,16,10,2,60,4,7,25,19,5
"52","141120307",1,143,35,2,10,16,6,1,0,0,0,0,0,0,108,12,13,39,21,23,35,2,10,16,6,1,143,14,23,55,27,24
"53","140490102",1,99,34,0,4,14,9,7,5,1,1,1,2,0,60,4,8,13,18,17,39,1,5,15,11,7,99,5,13,28,29,24
"54","141120304",1,478,240,10,53,100,59,18,23,1,8,9,4,1,215,32,23,45,44,71,263,11,61,109,63,19,478,43,84,154,107,90
"55","141120305",1,160,60,1,17,29,10,3,4,1,1,1,1,0,96,10,19,24,24,19,64,2,18,30,11,3,160,12,37,54,35,22
"56","141540212",1,207,114,4,23,47,29,11,6,1,2,2,1,0,87,18,12,10,13,34,120,5,25,49,30,11,207,23,37,59,43,45
"57","141120310",1,475,276,13,85,124,43,11,18,5,5,5,2,1,181,32,31,28,46,44,294,18,90,129,45,12,475,50,121,157,91,56
"58","141750201",1,356,104,9,25,37,23,10,40,3,9,22,6,0,212,17,17,44,47,87,144,12,34,59,29,10,356,29,51,103,76,97
"59","141750202",1,365,139,3,31,50,46,9,7,1,1,5,0,0,219,27,38,36,46,72,146,4,32,55,46,9,365,31,70,91,92,81
"60","141750112",1,256,134,8,39,58,24,5,1,0,1,0,0,0,121,18,19,14,23,47,135,8,40,58,24,5,256,26,59,72,47,52
"61","140280102",1,407,150,8,39,66,29,8,4,0,2,2,0,0,253,42,48,58,45,60,154,8,41,68,29,8,407,50,89,126,74,68
"62","141120314",1,172,99,1,25,42,27,4,3,0,0,3,0,0,70,12,10,13,13,22,102,1,25,45,27,4,172,13,35,58,40,26
"63","140280101",1,77,33,3,10,8,8,4,0,0,0,0,0,0,44,3,10,15,8,8,33,3,10,8,8,4,77,6,20,23,16,12
"64","141120309",1,172,68,4,15,28,18,3,1,0,1,0,0,0,103,27,22,22,17,15,69,4,16,28,18,3,172,31,38,50,35,18
"65","140490103",1,168,66,2,11,34,14,5,3,0,1,2,0,0,99,21,13,23,18,24,69,2,12,36,14,5,168,23,25,59,32,29
"66","141750206",1,159,64,3,13,34,14,0,4,1,2,0,1,0,91,7,17,20,26,21,68,4,15,34,15,0,159,11,32,54,41,21
"67","141120306",1,241,90,9,16,43,16,6,5,0,1,2,2,0,146,15,22,39,38,32,95,9,17,45,18,6,241,24,39,84,56,38
"68","140490104",1,102,35,0,12,14,6,3,6,0,5,0,1,0,61,7,12,10,13,19,41,0,17,14,7,3,102,7,29,24,20,22
"69","141750207",1,97,58,4,16,23,13,2,0,0,0,0,0,0,39,7,5,6,9,12,58,4,16,23,13,2,97,11,21,29,22,14
"70","140490106",1,60,14,0,4,7,2,1,0,0,0,0,0,0,46,8,5,6,13,14,14,0,4,7,2,1,60,8,9,13,15,15
"71","141120312",1,653,341,15,74,176,64,12,23,0,10,9,4,0,289,80,66,35,46,62,364,15,84,185,68,12,653,95,150,220,114,74
"72","140490105",1,117,54,1,10,20,15,8,0,0,0,0,0,0,63,4,9,16,13,21,54,1,10,20,15,8,117,5,19,36,28,29
"73","141120311",1,487,254,13,77,119,38,7,25,4,12,7,1,1,208,65,52,36,29,26,279,17,89,126,39,8,487,82,141,162,68,34
"74","141120313",1,591,291,6,84,129,58,14,13,1,6,6,0,0,287,72,80,51,37,47,304,7,90,135,58,14,591,79,170,186,95,61
"75","141750208",1,154,64,2,9,26,21,6,4,0,1,2,0,1,86,7,10,25,21,23,68,2,10,28,21,7,154,9,20,53,42,30
"76","141750203",1,140,62,1,15,27,15,4,8,1,4,2,1,0,70,8,6,11,19,26,70,2,19,29,16,4,140,10,25,40,35,30
"77","140490112",1,316,148,7,39,68,31,3,7,0,1,5,1,0,161,29,28,27,22,55,155,7,40,73,32,3,316,36,68,100,54,58
"78","141750105",1,125,40,0,13,17,10,0,0,0,0,0,0,0,85,5,10,19,15,36,40,0,13,17,10,0,125,5,23,36,25,36
"79","141120308",1,84,24,0,9,8,6,1,0,0,0,0,0,0,60,6,11,13,14,16,24,0,9,8,6,1,84,6,20,21,20,17
"80","140490111",1,372,205,14,45,96,41,9,9,1,4,4,0,0,158,49,42,36,13,18,214,15,49,100,41,9,372,64,91,136,54,27
"81","140490113",1,828,395,18,102,171,82,22,17,3,5,5,4,0,416,58,84,74,60,140,412,21,107,176,86,22,828,79,191,250,146,162
"82","140490116",1,943,429,26,132,155,90,26,22,1,9,8,4,0,492,91,96,112,87,106,451,27,141,163,94,26,943,118,237,275,181,132
"83","140490114",1,572,262,3,62,130,55,12,11,0,7,4,0,0,299,56,54,47,52,90,273,3,69,134,55,12,572,59,123,181,107,102
"84","140490115",1,500,225,15,65,107,33,5,25,2,13,9,1,0,250,58,55,57,43,37,250,17,78,116,34,5,500,75,133,173,77,42
"85","141750209",1,332,117,5,31,47,30,4,19,6,4,7,2,0,196,31,35,46,41,43,136,11,35,54,32,4,332,42,70,100,73,47
"86","141750107",1,159,63,2,18,20,14,9,1,0,0,1,0,0,95,6,13,13,26,37,64,2,18,21,14,9,159,8,31,34,40,46
"87","140490107",1,53,36,1,7,14,12,2,2,0,2,0,0,0,15,4,5,3,3,0,38,1,9,14,12,2,53,5,14,17,15,2
"88","141750204",1,180,61,2,14,25,14,6,4,2,0,1,1,0,115,12,7,18,32,46,65,4,14,26,15,6,180,16,21,44,47,52
"89","141750106",1,55,15,2,2,9,1,1,0,0,0,0,0,0,40,7,8,13,9,3,15,2,2,9,1,1,55,9,10,22,10,4
"90","141750219",1,1,0,0,0,0,0,0,0,0,0,0,0,0,1,0,0,0,0,1,0,0,0,0,0,0,1,0,0,0,0,1
"91","141750108",1,96,34,0,3,15,11,5,0,0,0,0,0,0,62,8,6,10,15,23,34,0,3,15,11,5,96,8,9,25,26,28
"92","141750212",1,586,329,22,107,146,45,9,12,6,2,4,0,0,245,55,64,44,41,41,341,28,109,150,45,9,586,83,173,194,86,50
"93","141750214",1,577,270,7,75,127,48,13,10,1,2,4,2,1,297,63,64,61,47,62,280,8,77,131,50,14,577,71,141,192,97,76
"94","141750205",1,92,46,1,10,20,11,4,4,1,1,0,1,1,42,5,4,8,11,14,50,2,11,20,12,5,92,7,15,28,23,19
"95","141750211",1,137,39,1,9,18,7,4,1,0,0,1,0,0,97,10,22,28,15,22,40,1,9,19,7,4,137,11,31,47,22,26
"96","141750215",1,597,337,18,77,154,70,18,23,2,8,9,4,0,237,49,32,43,37,76,360,20,85,163,74,18,597,69,117,206,111,94
"97","141750213",1,592,331,12,113,135,59,12,17,1,8,7,1,0,244,60,39,48,39,58,348,13,121,142,60,12,592,73,160,190,99,70
"98","141400801",1,459,345,25,104,147,59,10,1,0,0,1,0,0,113,27,33,20,18,15,346,25,104,148,59,10,459,52,137,168,77,25
"99","141750216",1,438,270,7,74,120,60,9,9,0,3,4,0,2,159,25,29,19,30,56,279,7,77,124,60,11,438,32,106,143,90,67
"100","141750217",1,532,290,2,66,149,63,10,12,2,8,2,0,0,230,34,50,27,52,67,302,4,74,151,63,10,532,38,124,178,115,77
"101","140490108",1,163,84,1,27,33,13,10,8,1,5,1,1,0,71,12,13,13,11,22,92,2,32,34,14,10,163,14,45,47,25,32
"102","141750218",1,801,457,20,139,188,86,24,19,1,7,9,2,0,325,55,64,63,60,83,476,21,146,197,88,24,801,76,210,260,148,107
"103","141750113",1,526,267,1,60,122,66,18,28,2,15,9,2,0,231,38,30,28,57,78,295,3,75,131,68,18,526,41,105,159,125,96
"104","140490109",1,250,125,2,29,51,29,14,11,2,3,4,2,0,114,19,22,15,23,35,136,4,32,55,31,14,250,23,54,70,54,49
"105","141750114",1,570,345,15,102,132,68,28,5,1,4,0,0,0,220,36,35,41,41,67,350,16,106,132,68,28,570,52,141,173,109,95
"106","141750109",1,117,48,2,15,18,11,2,1,0,1,0,0,0,68,8,9,12,13,26,49,2,16,18,11,2,117,10,25,30,24,28
"107","140490301",1,471,253,24,94,93,32,10,7,1,3,2,1,0,211,38,49,51,40,33,260,25,97,95,33,10,471,63,146,146,73,43
"108","140490306",1,465,252,6,67,103,68,8,32,2,15,7,7,1,181,23,41,27,58,32,284,8,82,110,75,9,465,31,123,137,133,41
"109","140490302",1,500,263,18,93,102,38,12,17,2,9,6,0,0,220,53,36,47,31,53,280,20,102,108,38,12,500,73,138,155,69,65
"110","140490304",1,512,259,11,83,119,36,10,27,0,21,5,1,0,226,53,55,44,31,43,286,11,104,124,37,10,512,64,159,168,68,53
"111","140490110",1,41,22,0,6,8,6,2,0,0,0,0,0,0,19,5,5,4,3,2,22,0,6,8,6,2,41,5,11,12,9,4
"112","140490325",1,752,428,16,104,197,99,12,18,1,10,7,0,0,306,74,56,49,61,66,446,17,114,204,99,12,752,91,170,253,160,78
"113","140490307",1,732,423,6,114,201,93,9,32,2,14,13,2,1,277,62,58,39,72,46,455,8,128,214,95,10,732,70,186,253,167,56
"114","140490305",1,697,378,17,124,149,74,14,22,0,10,9,1,2,297,63,84,51,43,56,400,17,134,158,75,16,697,80,218,209,118,72
"115","140490303",1,844,421,12,115,184,89,21,31,2,16,6,6,1,392,85,77,49,72,109,452,14,131,190,95,22,844,99,208,239,167,131
"116","140490308",1,675,363,12,89,161,73,28,18,0,11,6,1,0,294,56,50,53,48,87,381,12,100,167,74,28,675,68,150,220,122,115
"117","140490309",1,755,390,5,94,174,84,33,14,0,8,5,1,0,351,56,55,33,56,151,404,5,102,179,85,33,755,61,157,212,141,184
"118","141680104",1,26,14,0,0,8,5,1,0,0,0,0,0,0,12,1,2,3,2,4,14,0,0,8,5,1,26,1,2,11,7,5
"119","140490316",1,519,317,12,68,152,61,24,11,0,4,5,2,0,191,33,45,20,26,67,328,12,72,157,63,24,519,45,117,177,89,91
"120","140490310",1,552,356,11,85,168,64,28,8,0,4,2,2,0,188,30,32,15,34,77,364,11,89,170,66,28,552,41,121,185,100,105
"121","140490317",1,488,244,3,68,105,54,14,21,2,14,2,2,1,223,27,34,26,40,96,265,5,82,107,56,15,488,32,116,133,96,111
"122","140490315",1,265,152,2,29,65,37,19,7,0,2,4,1,0,106,23,11,10,20,42,159,2,31,69,38,19,265,25,42,79,58,61
"123","140490311",1,936,470,17,125,209,102,17,34,3,16,11,4,0,432,118,79,68,77,90,504,20,141,220,106,17,936,138,220,288,183,107
"124","140490318",1,523,287,3,66,113,70,35,19,1,6,9,3,0,217,32,33,19,46,87,306,4,72,122,73,35,523,36,105,141,119,122
"125","140490320",1,758,406,10,101,211,73,11,16,0,8,3,4,1,336,55,58,46,56,121,422,10,109,214,77,12,758,65,167,260,133,133
"126","140490314",1,562,304,10,81,131,67,15,27,4,9,9,4,1,231,63,43,40,32,53,331,14,90,140,71,16,562,77,133,180,103,69
"127","140490319",1,863,434,10,96,205,99,24,31,0,19,10,2,0,398,53,60,43,81,161,465,10,115,215,101,24,863,63,175,258,182,185
"128","140490313",1,591,317,21,74,150,56,16,19,2,8,6,2,1,255,40,55,34,45,81,336,23,82,156,58,17,591,63,137,190,103,98
"129","140490321",1,580,308,8,92,136,68,4,22,1,13,4,4,0,250,35,52,40,49,74,330,9,105,140,72,4,580,44,157,180,121,78
"130","140490312",1,690,341,5,102,162,57,15,16,0,8,4,4,0,333,63,66,66,55,83,357,5,110,166,61,15,690,68,176,232,116,98
"131","140490322",1,887,412,8,118,192,80,14,36,1,23,7,5,0,439,70,84,68,83,134,448,9,141,199,85,14,887,79,225,267,168,148
"132","140490324",1,507,254,16,80,114,40,4,28,4,14,9,1,0,225,63,45,54,31,32,282,20,94,123,41,4,507,83,139,177,72,36
"133","140490323",1,612,304,9,112,106,62,15,22,1,13,6,2,0,286,61,50,45,46,84,326,10,125,112,64,15,612,71,175,157,110,99
"134","141750210",1,155,86,6,18,33,22,7,1,0,0,1,0,0,68,3,15,18,15,17,87,6,18,34,22,7,155,9,33,52,37,24
"135","140490204",1,185,77,4,7,38,23,5,21,2,10,6,2,1,87,15,11,11,19,31,98,6,17,44,25,6,185,21,28,55,44,37
"136","140280104",1,680,235,17,74,84,51,9,47,4,21,10,10,2,398,74,77,103,73,71,282,21,95,94,61,11,680,95,172,197,134,82
"137","141680102",1,104,44,3,12,15,12,2,3,0,1,2,0,0,57,7,8,13,12,17,47,3,13,17,12,2,104,10,21,30,24,19
"138","140490214",1,368,129,5,46,49,24,5,8,1,1,6,0,0,231,42,49,52,34,54,137,6,47,55,24,5,368,48,96,107,58,59
"139","140490201",1,579,234,21,56,108,39,10,22,1,13,6,2,0,323,55,74,95,45,54,256,22,69,114,41,10,579,77,143,209,86,64
"140","141680101",1,114,38,1,9,15,11,2,9,0,6,3,0,0,67,2,10,13,16,26,47,1,15,18,11,2,114,3,25,31,27,28
"141","141680110",1,245,127,8,34,59,16,10,3,1,0,0,1,1,115,18,23,14,25,35,130,9,34,59,17,11,245,27,57,73,42,46
"142","141680103",1,68,33,0,12,12,8,1,8,1,5,2,0,0,27,5,3,6,5,8,41,1,17,14,8,1,68,6,20,20,13,9
"143","140280401",1,57,24,2,6,8,6,2,1,0,0,0,1,0,32,5,2,9,7,9,25,2,6,8,7,2,57,7,8,17,14,11
"144","140490203",1,69,30,1,5,9,7,8,3,0,1,2,0,0,36,5,3,7,6,15,33,1,6,11,7,8,69,6,9,18,13,23
"145","141680109",1,68,27,0,9,8,8,2,0,0,0,0,0,0,41,2,7,7,12,13,27,0,9,8,8,2,68,2,16,15,20,15
"146","140490202",1,109,55,2,18,17,15,3,1,0,1,0,0,0,53,10,6,10,13,14,56,2,19,17,15,3,109,12,25,27,28,17
"147","141680105",1,46,25,1,8,10,4,2,1,0,0,1,0,0,20,2,5,4,3,6,26,1,8,11,4,2,46,3,13,15,7,8
"148","140280402",1,241,77,3,19,29,16,10,24,4,13,5,2,0,140,15,36,27,20,42,101,7,32,34,18,10,241,22,68,61,38,52
"149","140490205",1,58,36,0,5,16,10,5,0,0,0,0,0,0,22,4,3,3,7,5,36,0,5,16,10,5,58,4,8,19,17,10
"150","140280403",1,373,129,7,37,55,20,10,25,6,8,8,1,2,219,42,53,66,37,21,154,13,45,63,21,12,373,55,98,129,58,33
"151","141680106",1,91,59,4,15,20,14,6,0,0,0,0,0,0,32,2,6,5,8,11,59,4,15,20,14,6,91,6,21,25,22,17
"152","140490206",1,57,43,4,8,13,14,4,0,0,0,0,0,0,14,2,2,1,3,6,43,4,8,13,14,4,57,6,10,14,17,10
"153","141400501",1,160,114,5,28,41,27,13,1,0,0,0,1,0,45,11,10,10,7,7,115,5,28,41,28,13,160,16,38,51,35,20
"154","141050101",1,190,101,5,28,42,21,5,4,0,2,1,1,0,85,15,17,14,14,25,105,5,30,43,22,5,190,20,47,57,36,30
"155","141680111",1,513,298,19,76,140,46,17,6,0,2,3,1,0,209,57,52,40,26,34,304,19,78,143,47,17,513,76,130,183,73,51
"156","141050103",1,263,103,8,14,49,26,6,8,3,2,1,2,0,152,22,26,33,26,45,111,11,16,50,28,6,263,33,42,83,54,51
"157","140280105",1,458,170,17,56,61,33,3,25,5,11,5,4,0,263,49,58,72,47,37,195,22,67,66,37,3,458,71,125,138,84,40
"158","141680112",1,657,357,6,88,182,71,10,26,0,13,6,7,0,274,55,47,34,47,91,383,6,101,188,78,10,657,61,148,222,125,101
"159","141680108",1,207,105,2,31,44,24,4,3,0,2,0,1,0,99,19,22,20,17,21,108,2,33,44,25,4,207,21,55,64,42,25
"160","141680113",1,391,193,7,48,95,32,11,2,0,0,0,2,0,196,43,45,36,26,46,195,7,48,95,34,11,391,50,93,131,60,57
"161","141050102",1,79,34,2,9,15,6,2,1,0,0,1,0,0,44,8,7,11,9,9,35,2,9,16,6,2,79,10,16,27,15,11
"162","140490215",1,204,98,1,22,42,24,9,10,0,7,3,0,0,96,17,17,17,13,32,108,1,29,45,24,9,204,18,46,62,37,41
"163","140490211",1,336,149,5,43,68,24,9,24,0,13,7,4,0,163,32,35,28,25,43,173,5,56,75,28,9,336,37,91,103,53,52
"164","140280109",1,571,232,23,62,94,46,7,11,0,5,3,3,0,328,73,73,74,53,55,243,23,67,97,49,7,571,96,140,171,102,62
"165","141680201",1,124,75,4,23,25,21,2,2,0,1,0,1,0,47,5,11,9,7,15,77,4,24,25,22,2,124,9,35,34,29,17
"166","140280108",1,265,105,4,26,53,16,6,4,0,3,0,1,0,156,26,34,40,27,29,109,4,29,53,17,6,265,30,63,93,44,35
"167","140490207",1,147,53,3,15,23,11,1,1,0,0,1,0,0,93,21,29,19,12,12,54,3,15,24,11,1,147,24,44,43,23,13
"168","141400802",1,290,232,21,86,93,30,2,3,0,1,2,0,0,55,13,18,13,7,4,235,21,87,95,30,2,290,34,105,108,37,6
"169","140280406",1,569,194,5,58,90,36,5,8,0,1,6,1,0,367,74,84,69,54,86,202,5,59,96,37,5,569,79,143,165,91,91
"170","141050104",1,93,62,4,19,19,11,9,0,0,0,0,0,0,31,1,4,8,12,6,62,4,19,19,11,9,93,5,23,27,23,15
"171","140280407",1,625,247,10,84,99,46,8,20,1,8,8,2,1,358,84,74,78,61,61,267,11,92,107,48,9,625,95,166,185,109,70
"172","140280408",1,570,229,5,62,109,46,7,30,3,13,12,1,1,311,76,63,63,46,63,259,8,75,121,47,8,570,84,138,184,93,71
"173","140280405",1,248,60,6,9,21,17,7,6,0,1,3,0,2,182,36,41,47,28,30,66,6,10,24,17,9,248,42,51,71,45,39
"174","140280106",1,198,73,6,21,27,16,3,11,0,3,7,1,0,114,31,23,25,17,18,84,6,24,34,17,3,198,37,47,59,34,21
"175","140490209",1,46,29,0,4,5,14,6,0,0,0,0,0,0,17,1,0,3,8,5,29,0,4,5,14,6,46,1,4,8,22,11
"176","140700101",1,219,66,4,17,29,12,4,3,0,1,1,1,0,150,29,31,28,26,36,69,4,18,30,13,4,219,33,49,58,39,40
"177","140280110",1,1286,450,7,159,217,58,9,53,2,24,18,8,1,783,146,197,227,142,71,503,9,183,235,66,10,1286,155,380,462,208,81
"178","141680203",1,55,28,0,5,14,8,1,1,0,0,1,0,0,26,4,4,7,2,9,29,0,5,15,8,1,55,4,9,22,10,10
"179","141400803",1,422,332,28,133,120,45,6,8,0,5,0,3,0,82,24,26,18,10,4,340,28,138,120,48,6,422,52,164,138,58,10
"180","140280107",1,72,44,1,16,15,12,0,2,0,1,1,0,0,26,12,2,5,2,5,46,1,17,16,12,0,72,13,19,21,14,5
"181","140490210",1,100,42,0,4,23,9,6,2,1,0,1,0,0,56,1,5,10,16,24,44,1,4,24,9,6,100,2,9,34,25,30
"182","140700102",1,89,18,0,2,8,6,2,0,0,0,0,0,0,71,14,12,22,7,16,18,0,2,8,6,2,89,14,14,30,13,18
"183","140280111",1,681,296,5,84,139,57,11,41,2,25,9,4,1,344,71,72,76,67,58,337,7,109,148,61,12,681,78,181,224,128,70
"184","141050201",1,60,16,0,5,3,8,0,0,0,0,0,0,0,44,3,8,13,11,9,16,0,5,3,8,0,60,3,13,16,19,9
"185","140490212",1,82,34,0,10,9,11,4,2,0,1,0,1,0,46,4,10,10,7,15,36,0,11,9,12,4,82,4,21,19,19,19
"186","140280601",1,56,31,1,11,12,6,1,3,0,2,1,0,0,22,5,6,0,5,6,34,1,13,13,6,1,56,6,19,13,11,7
"187","140910201",1,239,133,5,31,58,28,11,9,1,3,4,1,0,97,24,18,20,15,20,142,6,34,62,29,11,239,30,52,82,44,31
"188","140280201",1,1184,445,35,139,183,70,18,86,11,32,30,12,1,653,134,178,167,91,83,531,46,171,213,82,19,1184,180,349,380,173,102
"189","140280301",1,834,366,14,132,154,60,6,56,7,20,17,9,3,412,102,93,75,63,79,422,21,152,171,69,9,834,123,245,246,132,88
"190","140490208",1,16,13,0,2,6,5,0,0,0,0,0,0,0,3,0,2,0,1,0,13,0,2,6,5,0,16,0,4,6,6,0
"191","141680212",1,666,328,7,98,159,58,6,26,8,13,4,1,0,312,78,105,60,39,30,354,15,111,163,59,6,666,93,216,223,98,36
"192","141680207",1,702,393,8,116,181,73,15,33,2,13,14,3,1,276,65,50,35,39,87,426,10,129,195,76,16,702,75,179,230,115,103
"193","141680205",1,410,227,4,58,104,54,7,13,0,5,5,2,1,170,41,29,18,28,54,240,4,63,109,56,8,410,45,92,127,84,62
"194","141680204",1,367,235,6,56,127,37,9,17,0,10,5,2,0,115,32,23,23,15,22,252,6,66,132,39,9,367,38,89,155,54,31
"195","140910202",1,105,69,4,18,26,16,5,2,0,1,0,0,1,34,4,3,7,9,11,71,4,19,26,16,6,105,8,22,33,25,17
"196","140280302",1,944,387,13,98,178,84,14,27,3,14,8,2,0,530,100,108,93,116,113,414,16,112,186,86,14,944,116,220,279,202,127
"197","141680206",1,447,282,11,60,141,57,13,11,0,5,2,2,2,154,18,19,16,31,70,293,11,65,143,59,15,447,29,84,159,90,85
"198","140280602",1,201,131,5,14,73,34,5,9,0,3,1,5,0,61,12,9,11,12,17,140,5,17,74,39,5,201,17,26,85,51,22
"199","141680208",1,743,420,5,93,209,84,29,34,5,11,15,2,1,289,60,45,41,42,101,454,10,104,224,86,30,743,70,149,265,128,131
"200","140280303",1,885,420,8,110,188,96,18,50,6,25,16,3,0,415,87,83,46,67,132,470,14,135,204,99,18,885,101,218,250,166,150
"201","140280202",1,678,293,15,78,129,55,16,58,8,23,23,3,1,327,78,71,63,44,71,351,23,101,152,58,17,678,101,172,215,102,88
"202","140280304",1,920,478,17,108,232,90,31,25,1,18,3,3,0,417,77,71,65,69,135,503,18,126,235,93,31,920,95,197,300,162,166
"203","141680213",1,579,340,9,114,132,74,11,23,1,11,10,1,0,216,31,39,38,40,68,363,10,125,142,75,11,579,41,164,180,115,79
"204","141680211",1,645,377,13,101,208,48,7,26,1,13,7,4,1,242,49,58,55,44,36,403,14,114,215,52,8,645,63,172,270,96,44
"205","141680210",1,510,280,3,94,124,52,7,21,4,8,5,4,0,209,47,31,40,43,48,301,7,102,129,56,7,510,54,133,169,99,55
"206","141680209",1,599,329,16,97,162,45,9,19,3,9,5,2,0,251,65,71,51,34,30,348,19,106,167,47,9,599,84,177,218,81,39
"207","140280203",1,721,369,10,110,197,44,8,24,2,14,6,2,0,328,79,68,61,53,67,393,12,124,203,46,8,721,91,192,264,99,75
"208","141680202",1,210,109,5,26,59,17,2,2,0,0,0,1,1,99,15,19,23,14,28,111,5,26,59,18,3,210,20,45,82,32,31
"209","141680214",1,516,305,12,104,130,58,1,24,2,11,9,2,0,187,52,45,36,22,32,329,14,115,139,60,1,516,66,160,175,82,33
"210","140280305",1,883,427,16,115,185,97,14,16,0,8,6,2,0,440,62,88,63,79,148,443,16,123,191,99,14,883,78,211,254,178,162
"211","140280204",1,1194,583,25,170,293,80,15,40,4,21,11,3,1,571,115,134,120,103,99,623,29,191,304,83,16,1194,144,325,424,186,115
"212","140280307",1,592,335,5,78,140,88,24,20,0,9,8,3,0,237,29,50,17,41,100,355,5,87,148,91,24,592,34,137,165,132,124
"213","140280205",1,625,313,13,90,127,69,14,30,1,18,9,2,0,282,59,69,40,53,61,343,14,108,136,71,14,625,73,177,176,124,75
"214","140280308",1,462,252,6,52,111,57,26,12,1,6,4,1,0,198,33,20,24,38,83,264,7,58,115,58,26,462,40,78,139,96,109
"215","140280306",1,522,275,2,46,138,73,16,19,0,13,6,0,0,228,36,24,22,32,114,294,2,59,144,73,16,522,38,83,166,105,130
"216","141050202",1,47,37,4,10,13,8,2,0,0,0,0,0,0,10,4,2,1,2,1,37,4,10,13,8,2,47,8,12,14,10,3
"217","140280309",1,687,353,7,71,179,75,21,16,0,7,4,3,2,318,56,50,45,58,109,369,7,78,183,78,23,687,63,128,228,136,132
"218","140280207",1,486,284,7,57,127,62,31,17,2,6,6,3,0,185,31,21,17,29,87,301,9,63,133,65,31,486,40,84,150,94,118
"219","140280312",1,478,246,21,80,102,37,6,18,1,9,5,2,1,214,41,46,34,49,44,264,22,89,107,39,7,478,63,135,141,88,51
"220","140280310",1,812,395,15,96,175,82,27,34,0,18,13,2,1,383,71,72,64,64,112,429,15,114,188,84,28,812,86,186,252,148,140
"221","140280206",1,462,228,0,41,111,61,15,13,1,5,5,2,0,221,33,31,21,34,102,241,1,46,116,63,15,462,34,77,137,97,117
"222","140280208",1,926,443,16,117,208,78,24,21,1,6,8,5,1,462,105,98,80,61,118,464,17,123,216,83,25,926,122,221,296,144,143
"223","141400804",1,510,380,37,103,173,55,12,13,2,7,3,1,0,117,28,31,30,17,11,393,39,110,176,56,12,510,67,141,206,73,23
"224","140280311",1,839,411,26,112,188,71,14,20,1,5,8,5,1,408,96,92,86,69,65,431,27,117,196,76,15,839,123,209,282,145,80
"225","140280210",1,637,263,7,73,128,47,8,16,0,7,8,1,0,358,68,64,64,63,99,279,7,80,136,48,8,637,75,144,200,111,107
"226","140280209",1,753,369,4,76,182,85,22,16,0,9,5,2,0,368,66,68,34,51,149,385,4,85,187,87,22,753,70,153,221,138,171
"227","140280603",1,319,172,5,43,81,38,5,13,1,6,6,0,0,134,21,19,33,30,31,185,6,49,87,38,5,319,27,68,120,68,36
"228","140490213",1,167,68,3,17,24,16,8,2,0,0,1,1,0,97,18,19,19,11,30,70,3,17,25,17,8,167,21,36,44,28,38
"229","141680308",1,42,31,2,4,16,4,5,1,0,0,1,0,0,10,2,3,2,2,1,32,2,4,17,4,5,42,4,7,19,6,6
"230","140280211",1,923,519,19,125,226,113,36,43,1,25,12,2,3,361,66,66,58,65,106,562,20,150,238,115,39,923,86,216,296,180,145
"231","140280212",1,849,403,12,96,194,83,18,39,3,16,17,2,1,407,66,53,56,74,158,442,15,112,211,85,19,849,81,165,267,159,177
"232","140280213",1,864,389,15,95,177,81,21,37,0,16,13,7,1,438,90,80,72,87,109,426,15,111,190,88,22,864,105,191,262,175,131
"233","140280410",1,628,247,15,69,98,56,9,10,1,5,1,3,0,371,63,111,85,51,61,257,16,74,99,59,9,628,79,185,184,110,70
"234","140280214",1,824,369,3,89,183,76,18,39,3,16,13,7,0,416,90,58,54,82,132,408,6,105,196,83,18,824,96,163,250,165,150
"235","140280605",1,46,27,0,6,12,7,2,2,0,2,0,0,0,17,3,4,3,4,3,29,0,8,12,7,2,46,3,12,15,11,5
"236","140280215",1,1044,514,15,127,239,114,19,38,3,20,9,5,1,492,116,93,98,79,106,552,18,147,248,119,20,1044,134,240,346,198,126
"237","141680107",1,88,59,3,10,20,14,12,0,0,0,0,0,0,29,1,6,7,4,11,59,3,10,20,14,12,88,4,16,27,18,23
"238","140280216",1,994,571,21,130,286,112,22,32,2,19,8,2,1,391,95,75,69,55,97,603,23,149,294,114,23,994,118,224,363,169,120
"239","141680114",1,837,421,20,139,170,79,13,21,0,8,9,4,0,395,111,77,86,53,68,442,20,147,179,83,13,837,131,224,265,136,81
"240","140280502",1,378,154,6,44,68,29,7,10,2,2,3,3,0,214,45,39,53,35,42,164,8,46,71,32,7,378,53,85,124,67,49
"241","141400701",1,611,393,12,118,162,87,14,11,1,6,3,1,0,207,47,32,22,47,59,404,13,124,165,88,14,611,60,156,187,135,73
"242","141400702",1,731,414,10,96,166,91,51,17,1,6,4,3,3,300,37,30,29,51,153,431,11,102,170,94,54,731,48,132,199,145,207
"243","141400703",1,523,306,3,56,156,72,19,9,1,4,3,1,0,208,25,22,18,46,97,315,4,60,159,73,19,523,29,82,177,119,116
"244","141680301",1,65,41,2,8,14,12,5,0,0,0,0,0,0,24,6,2,6,5,5,41,2,8,14,12,5,65,8,10,20,17,10
"245","141400704",1,434,272,3,60,114,70,25,8,1,6,0,1,0,154,15,22,16,33,68,280,4,66,114,71,25,434,19,88,130,104,93
"246","140280409",1,706,337,27,100,129,67,14,9,1,5,1,2,0,360,63,74,85,64,74,346,28,105,130,69,14,706,91,179,215,133,88
"247","141400705",1,985,650,46,180,299,102,23,25,5,10,6,2,2,310,78,51,43,48,90,675,51,190,305,104,25,985,129,241,348,152,115
"248","141050207",1,53,41,4,8,16,11,2,1,1,0,0,0,0,11,3,5,0,3,0,42,5,8,16,11,2,53,8,13,16,14,2
"249","141050107",1,118,48,1,8,17,14,8,3,0,1,1,1,0,67,10,9,17,8,23,51,1,9,18,15,8,118,11,18,35,23,31
"250","140280606",1,396,274,5,67,128,59,15,11,1,5,5,0,0,111,12,16,27,19,37,285,6,72,133,59,15,396,18,88,160,78,52
"251","141400707",1,405,204,2,39,82,60,21,5,1,0,2,2,0,196,19,14,22,30,111,209,3,39,84,62,21,405,22,53,106,92,132
"252","141400709",1,557,386,8,109,162,88,19,21,4,9,7,1,0,150,36,15,17,28,54,407,12,118,169,89,19,557,48,133,186,117,73
"253","141400710",1,941,640,21,190,313,98,18,41,7,14,15,3,2,260,85,61,32,33,49,681,28,204,328,101,20,941,113,265,360,134,69
"254","141400706",1,950,631,24,179,263,133,32,23,4,9,4,4,2,296,40,47,25,63,121,654,28,188,267,137,34,950,68,235,292,200,155
"255","141400708",1,340,205,2,52,80,48,23,4,1,2,1,0,0,131,15,14,10,19,73,209,3,54,81,48,23,340,18,68,91,67,96
"256","141400711",1,742,468,12,111,203,117,25,12,0,7,5,0,0,262,39,37,30,49,107,480,12,118,208,117,25,742,51,155,238,166,132
"257","140280501",1,532,167,4,48,63,48,4,1,0,1,0,0,0,364,54,82,97,68,63,168,4,49,63,48,4,532,58,131,160,116,67
"258","141400712",1,443,267,1,48,113,73,32,5,0,3,2,0,0,171,25,17,18,23,88,272,1,51,115,73,32,443,26,68,133,96,120
"259","141400713",1,807,503,20,118,215,113,37,26,1,12,7,5,1,278,46,36,30,48,118,529,21,130,222,118,38,807,67,166,252,166,156
"260","140280404",1,310,74,3,22,29,14,6,2,0,0,1,1,0,234,36,52,37,47,62,76,3,22,30,15,6,310,39,74,67,62,68
"261","141400715",1,659,418,13,107,163,120,15,18,1,7,8,2,0,223,43,38,26,32,84,436,14,114,171,122,15,659,57,152,197,154,99
"262","141400716",1,658,350,2,74,144,91,39,7,0,5,1,1,0,301,34,23,22,41,181,357,2,79,145,92,39,658,36,102,167,133,220
"263","141680311",1,905,520,19,151,243,83,24,40,1,26,10,3,0,345,81,78,73,47,66,560,20,177,253,86,24,905,101,255,326,133,90
"264","141400714",1,772,500,14,149,216,106,15,14,4,4,3,3,0,258,74,66,33,44,41,514,18,153,219,109,15,772,92,219,252,153,56
"265","141400717",1,278,204,8,54,89,42,11,7,1,3,2,1,0,67,19,14,7,8,19,211,9,57,91,43,11,278,28,71,98,51,30
"266","141400718",1,789,469,11,100,199,131,28,13,3,7,1,2,0,307,34,43,31,60,139,482,14,107,200,133,28,789,48,150,231,193,167
"267","141400720",1,680,469,20,125,246,66,12,30,6,14,10,0,0,181,44,37,39,30,31,499,26,139,256,66,12,680,70,176,295,96,43
"268","140280607",1,655,395,19,89,179,88,20,21,1,10,6,4,0,239,54,35,30,41,79,416,20,99,185,92,20,655,74,134,215,133,99
"269","141680302",1,148,66,5,14,21,17,9,2,0,0,2,0,0,80,8,16,13,26,17,68,5,14,23,17,9,148,13,30,36,43,26
"270","141400719",1,729,493,5,124,212,124,28,8,1,5,2,0,0,228,57,43,34,38,56,501,6,129,214,124,28,729,63,172,248,162,84
"271","140280604",1,149,63,0,24,25,14,0,0,0,0,0,0,0,86,23,24,20,10,9,63,0,24,25,14,0,149,23,48,45,24,9
"272","140910203",1,158,88,2,19,42,23,2,12,2,4,2,4,0,58,9,6,8,13,22,100,4,23,44,27,2,158,13,29,52,40,24
"273","141050106",1,198,118,4,29,46,25,14,4,0,3,1,0,0,76,13,8,17,14,24,122,4,32,47,25,14,198,17,40,64,39,38
"274","140910204",1,89,46,0,8,16,20,2,1,0,0,1,0,0,42,2,8,9,14,9,47,0,8,17,20,2,89,2,16,26,34,11
"275","141050209",1,107,68,5,19,24,14,6,1,0,0,0,1,0,38,2,6,4,6,20,69,5,19,24,15,6,107,7,25,28,21,26
"276","141050203",1,164,112,7,40,46,12,7,3,0,2,1,0,0,49,7,17,9,7,9,115,7,42,47,12,7,164,14,59,56,19,16
"277","140910206",1,53,38,2,8,14,13,1,0,0,0,0,0,0,15,0,3,4,4,4,38,2,8,14,13,1,53,2,11,18,17,5
"278","141050114",1,660,369,18,101,170,56,24,16,0,9,4,3,0,275,67,57,52,43,56,385,18,110,174,59,24,660,85,167,226,102,80
"279","141050113",1,502,239,14,61,119,38,7,26,6,8,8,4,0,237,67,45,44,39,42,265,20,69,127,42,7,502,87,114,171,81,49
"280","141050112",1,504,266,8,68,129,53,8,15,1,3,6,3,2,223,61,39,31,27,65,281,9,71,135,56,10,504,70,110,166,83,75
"281","140280504",1,295,110,4,31,33,34,8,7,2,1,1,3,0,178,18,26,37,41,56,117,6,32,34,37,8,295,24,58,71,78,64
"282","141050105",1,43,22,0,0,13,4,5,0,0,0,0,0,0,21,3,4,3,5,6,22,0,0,13,4,5,43,3,4,16,9,11
"283","141680306",1,61,38,1,10,16,7,4,1,0,1,0,0,0,22,2,6,8,3,3,39,1,11,16,7,4,61,3,17,24,10,7
"284","141680303",1,217,118,4,19,50,36,9,2,0,1,0,1,0,97,8,14,23,18,34,120,4,20,50,37,9,217,12,34,73,55,43
"285","141400808",1,220,178,11,72,58,33,4,1,0,1,0,0,0,41,6,12,9,11,3,179,11,73,58,33,4,220,17,85,67,44,7
"286","141680310",1,132,52,1,9,19,19,4,1,0,0,0,1,0,79,6,13,13,13,34,53,1,9,19,20,4,132,7,22,32,33,38
"287","140280505",1,688,323,21,88,137,68,9,16,1,9,2,4,0,349,80,76,66,57,70,339,22,97,139,72,9,688,102,173,205,129,79
"288","141050206",1,161,124,3,41,52,25,3,4,0,4,0,0,0,33,5,11,7,3,7,128,3,45,52,25,3,161,8,56,59,28,10
"289","140280507",1,805,437,18,141,180,87,11,39,2,20,14,3,0,329,79,65,67,51,67,476,20,161,194,90,11,805,99,226,261,141,78
"290","140280503",1,106,66,3,7,25,22,9,2,0,1,0,1,0,38,3,8,6,2,19,68,3,8,25,23,9,106,6,16,31,25,28
"291","140280508",1,725,381,12,85,197,69,18,24,4,10,6,4,0,320,62,70,53,43,92,405,16,95,203,73,18,725,78,165,256,116,110
"292","141400805",1,223,156,12,51,66,24,3,1,0,1,0,0,0,66,20,27,14,1,4,157,12,52,66,24,3,223,32,79,80,25,7
"293","141400807",1,240,158,5,42,78,26,7,2,1,1,0,0,0,80,15,25,20,10,10,160,6,43,78,26,7,240,21,68,98,36,17
"294","140910104",1,462,318,8,59,165,72,14,13,2,3,7,1,0,131,31,14,13,34,39,331,10,62,172,73,14,462,41,76,185,107,53
"295","140910102",1,285,182,10,49,69,48,6,10,0,3,6,1,0,93,23,13,9,17,31,192,10,52,75,49,6,285,33,65,84,66,37
"296","140280506",1,843,421,16,141,183,72,9,41,4,22,10,5,0,381,87,85,77,58,74,462,20,163,193,77,9,843,107,248,270,135,83
"297","141050204",1,77,45,1,9,22,11,2,0,0,0,0,0,0,32,4,7,9,6,6,45,1,9,22,11,2,77,5,16,31,17,8
"298","141680309",1,124,61,0,10,31,16,4,11,1,4,4,2,0,52,3,9,9,9,22,72,1,14,35,18,4,124,4,23,44,27,26
"299","140280510",1,555,302,9,70,134,77,12,12,0,6,4,2,0,241,47,41,36,47,70,314,9,76,138,79,12,555,56,117,174,126,82
"300","140280509",1,489,257,4,48,122,67,16,18,0,9,8,1,0,214,28,26,23,44,93,275,4,57,130,68,16,489,32,83,153,112,109
"301","140280514",1,996,565,13,137,249,140,26,14,0,9,4,0,1,417,90,76,52,67,132,579,13,146,253,140,27,996,103,222,305,207,159
"302","140910101",1,574,340,16,91,156,61,16,10,0,1,6,3,0,224,51,41,48,37,47,350,16,92,162,64,16,574,67,133,210,101,63
"303","140280511",1,722,350,15,95,163,68,9,24,2,11,5,6,0,348,77,97,70,63,41,374,17,106,168,74,9,722,94,203,238,137,50
"304","140280513",1,563,278,8,80,126,50,14,11,3,4,2,1,1,274,58,50,42,51,73,289,11,84,128,51,15,563,69,134,170,102,88
"305","140910103",1,480,282,12,75,103,66,26,19,1,5,4,7,2,179,21,20,13,38,87,301,13,80,107,73,28,480,34,100,120,111,115
"306","140910114",1,633,364,13,100,176,64,11,18,0,9,6,3,0,251,54,42,38,47,70,382,13,109,182,67,11,633,67,151,220,114,81
"307","140280512",1,595,269,10,59,145,50,5,23,3,11,6,3,0,303,67,66,66,49,55,292,13,70,151,53,5,595,80,136,217,102,60
"308","141680307",1,133,66,0,17,32,13,4,2,1,1,0,0,0,65,4,17,17,9,18,68,1,18,32,13,4,133,5,35,49,22,22
"309","140910105",1,201,141,3,38,60,34,6,6,1,2,1,2,0,54,11,10,2,10,21,147,4,40,61,36,6,201,15,50,63,46,27
"310","140910205",1,12,10,2,4,1,2,1,1,0,1,0,0,0,1,0,0,1,0,0,11,2,5,1,2,1,12,2,5,2,2,1
"311","140910107",1,493,292,7,72,103,82,28,18,1,8,7,2,0,183,23,25,12,41,82,310,8,80,110,84,28,493,31,105,122,125,110
"312","140910108",1,513,270,5,54,127,57,27,15,0,9,4,1,1,228,26,24,27,29,122,285,5,63,131,58,28,513,31,87,158,87,150
"313","140910106",1,510,326,15,62,136,87,26,11,2,2,1,6,0,173,24,18,19,33,79,337,17,64,137,93,26,510,41,82,156,126,105
"314","140910109",1,350,183,1,42,88,46,6,11,1,5,3,1,1,156,28,20,16,22,70,194,2,47,91,47,7,350,30,67,107,69,77
"315","140910110",1,431,231,7,44,93,61,26,14,2,5,2,5,0,186,31,15,21,36,83,245,9,49,95,66,26,431,40,64,116,102,109
"316","140910113",1,608,349,8,71,161,85,24,16,0,5,7,3,1,243,30,18,34,50,111,365,8,76,168,88,25,608,38,94,202,138,136
"317","140910115",1,239,145,2,36,74,26,7,7,1,1,3,2,0,87,16,13,9,18,31,152,3,37,77,28,7,239,19,50,86,46,38
"318","140910111",1,387,222,4,43,89,71,15,12,0,2,7,3,0,153,24,20,16,32,61,234,4,45,96,74,15,387,28,65,112,106,76
"319","140910112",1,433,253,6,57,109,67,14,14,0,4,8,1,1,166,31,16,17,30,72,267,6,61,117,68,15,433,37,77,134,98,87
"320","140910116",1,513,292,7,72,139,62,12,13,1,7,3,2,0,208,36,15,27,53,77,305,8,79,142,64,12,513,44,94,169,117,89
"321","141680305",1,171,118,8,37,34,28,11,6,0,5,1,0,0,47,9,11,13,5,9,124,8,42,35,28,11,171,17,53,48,33,20
"322","140700202",1,100,25,0,3,13,6,3,1,0,0,1,0,0,74,7,17,21,18,11,26,0,3,14,6,3,100,7,20,35,24,14
"323","140910117",1,347,184,8,34,89,46,7,13,0,10,2,1,0,150,30,21,27,27,45,197,8,44,91,47,7,347,38,65,118,74,52
"324","140910118",1,498,285,12,58,147,60,8,27,1,3,15,7,1,186,35,18,38,36,59,312,13,61,162,67,9,498,48,79,200,103,68
"325","140910119",1,321,215,6,46,111,44,8,11,2,3,4,2,0,95,17,18,14,19,27,226,8,49,115,46,8,321,25,67,129,65,35
"326","141680304",1,100,62,2,12,30,16,2,1,0,1,0,0,0,37,5,15,10,3,4,63,2,13,30,16,2,100,7,28,40,19,6
"327","140910207",1,6,2,0,0,1,1,0,0,0,0,0,0,0,4,0,1,1,2,0,2,0,0,1,1,0,6,0,1,2,3,0
"328","141050208",1,180,86,2,25,31,21,7,3,0,2,1,0,0,91,13,21,21,20,16,89,2,27,32,21,7,180,15,48,53,41,23
"329","140280702",1,142,62,3,15,20,17,7,0,0,0,0,0,0,80,13,13,25,9,20,62,3,15,20,17,7,142,16,28,45,26,27
"330","141400821",1,430,319,12,74,140,64,29,6,0,5,1,0,0,105,23,22,7,19,34,325,12,79,141,64,29,430,35,101,148,83,63
"331","140280701",1,148,101,8,22,36,17,18,2,0,1,1,0,0,45,9,8,11,5,12,103,8,23,37,17,18,148,17,31,48,22,30
"332","141400806",1,103,73,3,19,37,13,1,1,0,0,1,0,0,29,9,7,4,5,4,74,3,19,38,13,1,103,12,26,42,18,5
"333","140700103",1,252,107,3,25,55,18,6,7,0,4,3,0,0,138,37,21,27,22,31,114,3,29,58,18,6,252,40,50,85,40,37
"334","140910209",1,632,351,17,82,152,80,20,18,1,6,7,4,0,263,42,56,46,52,67,369,18,88,159,84,20,632,60,144,205,136,87
"335","141050216",1,864,521,12,135,247,102,25,23,2,8,9,3,1,320,72,54,35,60,99,544,14,143,256,105,26,864,86,197,291,165,125
"336","141050108",1,213,82,2,17,39,20,4,4,1,1,1,1,0,127,19,14,30,21,43,86,3,18,40,21,4,213,22,32,70,42,47
"337","141400814",1,621,431,21,141,178,76,15,14,1,7,6,0,0,176,41,49,32,26,28,445,22,148,184,76,15,621,63,197,216,102,43
"338","140910208",1,20,12,0,6,2,4,0,0,0,0,0,0,0,8,3,2,2,1,0,12,0,6,2,4,0,20,3,8,4,5,0
"339","141050217",1,781,451,36,131,197,75,12,11,1,6,4,0,0,319,57,71,54,61,76,462,37,137,201,75,12,781,94,208,255,136,88
"340","140210101",1,49,38,1,9,16,11,1,0,0,0,0,0,0,11,1,3,0,0,7,38,1,9,16,11,1,49,2,12,16,11,8
"341","141400813",1,611,377,10,85,171,82,29,17,2,8,6,1,0,217,29,28,25,41,94,394,12,93,177,83,29,611,41,121,202,124,123
"342","141400810",1,693,423,28,161,175,51,8,30,4,13,10,3,0,240,53,83,56,30,18,453,32,174,185,54,8,693,85,257,241,84,26
"343","140910212",1,5,2,0,0,1,1,0,0,0,0,0,0,0,3,0,0,0,1,2,2,0,0,1,1,0,5,0,0,1,2,2
"344","141050210",1,351,251,12,82,108,38,11,7,0,2,5,0,0,93,19,25,15,14,20,258,12,84,113,38,11,351,31,109,128,52,31
"345","141400812",1,833,527,26,138,224,112,27,15,0,8,4,3,0,291,54,41,44,50,102,542,26,146,228,115,27,833,80,187,272,165,129
"346","141400503",1,84,58,1,20,24,13,0,0,0,0,0,0,0,26,3,7,8,4,4,58,1,20,24,13,0,84,4,27,32,17,4
"347","140700201",1,109,31,2,10,12,6,1,8,1,2,2,2,1,70,14,13,14,10,19,39,3,12,14,8,2,109,17,25,28,18,21
"348","141400811",1,534,352,20,113,154,54,11,29,7,11,7,4,0,153,41,26,30,22,34,381,27,124,161,58,11,534,68,150,191,80,45
"349","141050215",1,704,470,17,112,203,113,25,17,0,7,6,4,0,217,45,23,23,42,84,487,17,119,209,117,25,704,62,142,232,159,109
"350","141400815",1,587,351,6,90,154,88,13,18,2,6,6,4,0,218,37,31,20,44,86,369,8,96,160,92,13,587,45,127,180,136,99
"351","141050211",1,619,361,15,102,172,60,12,14,0,10,3,1,0,244,50,51,46,34,63,375,15,112,175,61,12,619,65,163,221,95,75
"352","141050212",1,551,337,10,95,135,78,19,8,1,2,3,2,0,206,33,36,20,42,75,345,11,97,138,80,19,551,44,133,158,122,94
"353","141400818",1,793,534,29,164,244,86,11,21,7,11,3,0,0,238,53,37,37,42,69,555,36,175,247,86,11,793,89,212,284,128,80
"354","141400816",1,505,316,9,61,117,89,40,8,2,5,1,0,0,181,27,12,18,26,98,324,11,66,118,89,40,505,38,78,136,115,138
"355","141400817",1,636,378,8,98,172,79,21,22,6,11,4,1,0,236,31,40,20,46,99,400,14,109,176,80,21,636,45,149,196,126,120
"356","141050205",1,192,117,6,29,52,25,5,1,1,0,0,0,0,74,21,14,26,6,7,118,7,29,52,25,5,192,28,43,78,31,12
"357","141050213",1,478,275,3,71,108,65,28,8,2,2,4,0,0,195,34,30,13,36,82,283,5,73,112,65,28,478,39,103,125,101,110
"358","140910210",1,550,329,13,83,140,77,16,21,3,8,9,1,0,200,36,37,23,33,71,350,16,91,149,78,16,550,52,128,172,111,87
"359","140911401",1,29,17,1,2,6,6,2,0,0,0,0,0,0,12,1,5,2,0,4,17,1,2,6,6,2,29,2,7,8,6,6
"360","140700203",1,222,75,3,18,38,11,5,3,0,2,0,1,0,144,22,19,31,26,46,78,3,20,38,12,5,222,25,39,69,38,51
"361","141400819",1,679,426,9,116,219,71,11,10,1,3,2,4,0,243,59,38,31,37,78,436,10,119,221,75,11,679,69,157,252,112,89
"362","140911402",1,46,38,1,9,20,5,3,1,0,0,1,0,0,7,0,2,2,3,0,39,1,9,21,5,3,46,1,11,23,8,3
"363","141400820",1,790,504,9,130,240,96,29,10,1,5,2,2,0,276,57,33,42,58,86,514,10,135,242,98,29,790,67,168,284,156,115
"364","141400901",1,193,143,17,50,58,17,1,4,0,1,3,0,0,46,11,10,11,7,7,147,17,51,61,17,1,193,28,61,72,24,8
"365","141050214",1,645,351,10,109,143,63,26,4,0,1,3,0,0,290,45,58,42,53,92,355,10,110,146,63,26,645,55,168,188,116,118
"366","141400903",1,202,143,15,40,60,22,6,2,0,2,0,0,0,57,14,11,13,6,13,145,15,42,60,22,6,202,29,53,73,28,19
"367","140210307",1,114,66,1,16,30,13,6,2,0,0,2,0,0,46,8,11,10,9,8,68,1,16,32,13,6,114,9,27,42,22,14
"368","140700104",1,89,48,1,12,24,8,3,1,0,1,0,0,0,40,8,6,10,5,11,49,1,13,24,8,3,89,9,19,34,13,14
"369","141050301",1,42,25,0,5,10,7,3,0,0,0,0,0,0,17,1,4,3,6,3,25,0,5,10,7,3,42,1,9,13,13,6
"370","140910211",1,225,129,5,28,55,33,8,11,0,2,8,1,0,85,17,7,10,20,31,140,5,30,63,34,8,225,22,37,73,54,39
"371","141680313",1,931,606,35,149,311,87,24,24,3,6,13,1,1,301,59,55,73,53,61,630,38,155,324,88,25,931,97,210,397,141,86
"372","141400508",1,675,420,14,103,166,102,35,16,3,7,1,4,1,239,34,33,24,40,108,436,17,110,167,106,36,675,51,143,191,146,144
"373","140911404",1,48,26,6,6,10,4,0,2,0,2,0,0,0,20,6,0,6,2,6,28,6,8,10,4,0,48,12,8,16,6,6
"374","141680312",1,566,341,19,86,148,67,21,25,0,11,10,4,0,200,42,37,41,28,52,366,19,97,158,71,21,566,61,134,199,99,73
"375","140911406",1,321,180,7,26,88,44,15,4,0,3,1,0,0,137,19,15,31,27,45,184,7,29,89,44,15,321,26,44,120,71,60
"376","141400902",1,79,60,3,20,27,8,2,0,0,0,0,0,0,19,2,4,4,4,5,60,3,20,27,8,2,79,5,24,31,12,7
"377","141400904",1,364,245,29,67,102,42,5,1,0,1,0,0,0,118,21,30,29,19,19,246,29,68,102,42,5,364,50,98,131,61,24
"378","140911405",1,73,51,1,15,21,12,2,3,0,1,0,2,0,19,3,1,4,2,9,54,1,16,21,14,2,73,4,17,25,16,11
"379","141400509",1,633,362,7,75,155,99,26,4,0,2,1,1,0,267,40,42,34,45,106,366,7,77,156,100,26,633,47,119,190,145,132
"380","141400510",1,234,180,13,40,64,52,11,6,0,2,3,1,0,48,13,4,8,4,19,186,13,42,67,53,11,234,26,46,75,57,30
"381","141400809",1,740,455,21,113,208,95,18,17,1,9,6,1,0,268,57,56,34,39,82,472,22,122,214,96,18,740,79,178,248,135,100
"382","141400502",1,229,168,12,48,64,37,7,0,0,0,0,0,0,61,8,13,10,10,20,168,12,48,64,37,7,229,20,61,74,47,27
"383","141050111",1,161,73,1,20,34,13,5,3,0,1,0,2,0,85,17,13,16,23,16,76,1,21,34,15,5,161,18,34,50,38,21
"384","140210102",1,65,44,2,12,14,12,4,2,0,2,0,0,0,19,3,6,4,2,4,46,2,14,14,12,4,65,5,20,18,14,8
"385","140210104",1,275,179,9,45,75,36,14,2,0,1,1,0,0,94,27,14,13,5,35,181,9,46,76,36,14,275,36,60,89,41,49
"386","140911403",1,23,19,0,5,11,3,0,0,0,0,0,0,0,4,0,1,1,0,2,19,0,5,11,3,0,23,0,6,12,3,2
"387","141400201",1,97,85,8,41,25,11,0,0,0,0,0,0,0,12,0,6,3,3,0,85,8,41,25,11,0,97,8,47,28,14,0
"388","140911409",1,682,372,15,104,177,68,8,43,6,21,8,7,1,267,64,41,45,28,89,415,21,125,185,75,9,682,85,166,230,103,98
"389","140911408",1,564,334,16,64,144,82,28,11,1,4,5,1,0,219,39,25,27,41,87,345,17,68,149,83,28,564,56,93,176,124,115
"390","140911407",1,660,380,8,66,186,98,22,26,1,10,7,7,1,254,44,18,25,52,115,406,9,76,193,105,23,660,53,94,218,157,138
"391","140911410",1,880,514,22,135,231,93,33,16,0,6,8,2,0,350,67,43,50,56,134,530,22,141,239,95,33,880,89,184,289,151,167
"392","140210906",1,706,411,7,146,160,76,22,45,2,24,18,1,0,250,48,60,31,31,80,456,9,170,178,77,22,706,57,230,209,108,102
"393","140210903",1,563,385,9,68,192,105,11,10,0,6,3,1,0,168,44,47,21,24,32,395,9,74,195,106,11,563,53,121,216,130,43
"394","140210905",1,424,257,7,79,104,57,10,15,0,10,3,2,0,152,21,40,9,24,58,272,7,89,107,59,10,424,28,129,116,83,68
"395","140211001",1,1000,575,18,131,315,100,11,41,4,17,15,3,2,384,67,73,55,59,130,616,22,148,330,103,13,1000,89,221,385,162,143
"396","140700205",1,150,46,0,12,17,13,4,6,0,3,2,1,0,98,14,9,12,33,30,52,0,15,19,14,4,150,14,24,31,47,34
"397","140210301",1,126,76,1,16,42,15,2,4,0,3,1,0,0,46,13,9,10,4,10,80,1,19,43,15,2,126,14,28,53,19,12
"398","140210103",1,116,73,1,16,37,12,7,0,0,0,0,0,0,43,7,3,8,7,18,73,1,16,37,12,7,116,8,19,45,19,25
"399","140210901",1,586,383,12,147,149,63,12,15,2,7,5,1,0,188,38,51,44,25,30,398,14,154,154,64,12,586,52,205,198,89,42
"400","141400916",1,444,248,14,70,101,51,12,1,0,0,0,1,0,195,29,28,25,49,64,249,14,70,101,52,12,444,43,98,126,101,76
"401","140211002",1,639,396,6,127,173,62,28,26,1,17,5,3,0,217,26,39,32,37,83,422,7,144,178,65,28,639,33,183,210,102,111
"402","140210904",1,488,312,3,71,170,63,5,11,0,6,4,1,0,165,48,30,25,24,38,323,3,77,174,64,5,488,51,107,199,88,43
"403","140911411",1,479,291,15,66,134,60,16,11,1,6,4,0,0,177,36,24,15,32,70,302,16,72,138,60,16,479,52,96,153,92,86
"404","140911413",1,590,343,4,68,137,110,24,12,0,6,5,0,1,235,39,19,21,34,122,355,4,74,142,110,25,590,43,93,163,144,147
"405","141400905",1,158,124,11,47,47,17,2,0,0,0,0,0,0,34,6,11,6,7,4,124,11,47,47,17,2,158,17,58,53,24,6
"406","140911414",1,534,313,7,60,119,87,40,14,2,5,4,3,0,207,30,30,27,28,92,327,9,65,123,90,40,534,39,95,150,118,132
"407","140911415",1,457,299,10,72,105,90,22,13,0,3,3,7,0,145,39,21,20,31,34,312,10,75,108,97,22,457,49,96,128,128,56
"408","140211003",1,722,429,5,131,185,73,35,20,1,12,4,3,0,273,37,60,29,36,111,449,6,143,189,76,35,722,43,203,218,112,146
"409","140210902",1,639,419,16,196,142,52,13,22,4,11,4,2,1,198,32,72,34,29,31,441,20,207,146,54,14,639,52,279,180,83,45
"410","140211005",1,614,370,11,129,146,67,17,11,1,1,9,0,0,233,42,54,35,43,59,381,12,130,155,67,17,614,54,184,190,110,76
"411","140211004",1,894,535,13,182,220,95,25,37,0,22,8,6,1,322,52,58,46,53,113,572,13,204,228,101,26,894,65,262,274,154,139
"412","140210908",1,391,259,3,77,105,44,30,7,1,5,1,0,0,125,16,20,11,10,68,266,4,82,106,44,30,391,20,102,117,54,98
"413","140211009",1,546,342,2,100,148,74,18,12,0,8,4,0,0,192,30,38,14,33,77,354,2,108,152,74,18,546,32,146,166,107,95
"414","140210907",1,440,271,3,80,120,40,28,10,0,6,2,2,0,159,24,28,14,17,76,281,3,86,122,42,28,440,27,114,136,59,104
"415","140210910",1,742,418,7,158,148,86,19,27,1,14,5,6,1,297,58,71,55,40,73,445,8,172,153,92,20,742,66,243,208,132,93
"416","140210909",1,482,300,5,101,114,56,24,3,0,0,3,0,0,179,33,43,25,23,55,303,5,101,117,56,24,482,38,144,142,79,79
"417","140911412",1,510,310,7,80,135,73,15,15,1,4,7,2,1,185,41,25,34,25,60,325,8,84,142,75,16,510,49,109,176,100,76
"418","140211006",1,805,514,7,109,314,76,8,34,2,18,9,4,1,257,79,59,46,26,47,548,9,127,323,80,9,805,88,186,369,106,56
"419","141050302",1,116,57,4,20,20,9,4,6,0,0,3,3,0,53,8,14,11,7,13,63,4,20,23,12,4,116,12,34,34,19,17
"420","140210911",1,980,582,16,234,216,83,33,45,3,25,11,4,2,353,49,82,58,55,109,627,19,259,227,87,35,980,68,341,285,142,144
"421","140211007",1,480,301,6,77,126,84,8,19,0,11,5,2,1,160,28,43,18,33,38,320,6,88,131,86,9,480,34,131,149,119,47
"422","140210912",1,502,277,1,107,108,54,7,20,3,11,1,5,0,205,16,70,20,34,65,297,4,118,109,59,7,502,20,188,129,93,72
"423","140211008",1,751,417,7,140,170,80,20,35,5,15,8,5,2,299,47,60,39,54,99,452,12,155,178,85,22,751,59,215,217,139,121
"424","140211010",1,737,432,8,135,176,92,21,19,0,12,5,2,0,286,48,45,24,59,110,451,8,147,181,94,21,737,56,192,205,153,131
"425","141400906",1,255,174,16,54,84,19,1,3,2,1,0,0,0,78,17,23,22,10,6,177,18,55,84,19,1,255,35,78,106,29,7
"426","140210914",1,783,443,4,136,189,92,22,33,3,21,6,3,0,307,39,66,42,49,111,476,7,157,195,95,22,783,46,223,237,144,133
"427","140210913",1,711,404,5,155,161,64,19,21,2,13,5,1,0,286,38,66,34,40,108,425,7,168,166,65,19,711,45,234,200,105,127
"428","140211101",1,578,325,12,107,156,44,6,41,2,29,8,2,0,212,54,58,40,19,41,366,14,136,164,46,6,578,68,194,204,65,47
"429","140211011",1,1032,608,20,209,234,120,25,46,1,34,7,4,0,378,69,80,65,56,108,654,21,243,241,124,25,1032,90,323,306,180,133
"430","140211012",1,1333,852,37,314,286,172,43,65,2,39,20,3,1,416,74,95,80,93,74,917,39,353,306,175,44,1333,113,448,386,268,118
"431","140211014",1,1105,711,20,212,371,95,13,67,7,36,21,2,1,327,114,69,67,39,38,778,27,248,392,97,14,1105,141,317,459,136,52
"432","141400908",1,641,421,22,100,174,84,41,8,4,1,2,1,0,212,43,29,23,33,84,429,26,101,176,85,41,641,69,130,199,118,125
"433","140211105",1,613,431,13,132,165,79,42,19,0,8,10,1,0,163,31,30,14,24,64,450,13,140,175,80,42,613,44,170,189,104,106
"434","140211013",1,1154,689,28,234,279,128,20,83,5,45,25,8,0,382,84,104,63,60,71,772,33,279,304,136,20,1154,117,383,367,196,91
"435","140211015",1,399,226,5,89,85,44,3,25,1,16,5,3,0,148,23,51,30,26,18,251,6,105,90,47,3,399,29,156,120,73,21
"436","140211103",1,520,309,9,84,161,42,13,20,1,8,9,0,2,191,35,32,31,36,57,329,10,92,170,42,15,520,45,124,201,78,72
"437","141050110",1,208,119,6,31,48,26,8,17,1,7,7,2,0,72,17,11,16,11,17,136,7,38,55,28,8,208,24,49,71,39,25
"438","140211016",1,695,409,22,91,229,61,6,37,4,18,12,3,0,249,91,70,38,27,23,446,26,109,241,64,6,695,117,179,279,91,29
"439","141400909",1,685,444,20,109,179,107,29,3,0,1,1,1,0,238,52,29,21,39,97,447,20,110,180,108,29,685,72,139,201,147,126
"440","140211106",1,283,180,4,64,74,28,10,6,0,4,2,0,0,97,17,23,12,24,21,186,4,68,76,28,10,283,21,91,88,52,31
"441","140210308",1,291,168,5,49,62,40,12,2,0,0,1,0,1,121,10,9,26,20,56,170,5,49,63,40,13,291,15,58,89,60,69
"442","140210106",1,424,274,7,63,119,64,21,11,2,4,3,1,1,139,21,21,13,26,58,285,9,67,122,65,22,424,30,88,135,91,80
"443","140210302",1,305,215,5,73,84,40,13,5,1,3,0,1,0,85,18,14,14,11,28,220,6,76,84,41,13,305,24,90,98,52,41
"444","140210305",1,326,212,8,49,82,51,22,16,3,10,2,1,0,98,21,19,12,11,35,228,11,59,84,52,22,326,32,78,96,63,57
"445","140210306",1,301,191,8,74,61,38,10,4,0,2,1,1,0,106,17,25,18,20,26,195,8,76,62,39,10,301,25,101,80,59,36
"446","140910301",1,19,14,0,5,4,4,1,0,0,0,0,0,0,5,0,3,1,0,1,14,0,5,4,4,1,19,0,8,5,4,2
"447","140211104",1,629,405,10,112,193,73,17,14,0,6,6,1,1,210,41,46,42,35,46,419,10,118,199,74,18,629,51,164,241,109,64
"448","140211107",1,606,419,13,129,210,52,15,25,1,15,9,0,0,162,34,34,32,21,41,444,14,144,219,52,15,606,48,178,251,73,56
"449","140211102",1,719,380,13,137,155,65,10,50,6,26,8,10,0,289,72,70,61,37,49,430,19,163,163,75,10,719,91,233,224,112,59
"450","141400507",1,31,20,2,7,6,4,1,0,0,0,0,0,0,11,5,2,3,1,0,20,2,7,6,4,1,31,7,9,9,5,1
"451","141400504",1,111,90,3,33,34,15,5,2,0,1,1,0,0,19,4,4,5,4,2,92,3,34,35,15,5,111,7,38,40,19,7
"452","140211109",1,951,641,16,176,349,83,17,35,3,14,14,3,1,275,73,52,65,34,51,676,19,190,363,86,18,951,92,242,428,120,69
"453","140211108",1,659,435,18,111,215,78,13,26,5,13,5,3,0,198,40,31,41,26,60,461,23,124,220,81,13,659,63,155,261,107,73
"454","141050305",1,279,176,8,39,80,40,9,1,0,1,0,0,0,102,24,23,22,15,18,177,8,40,80,40,9,279,32,63,102,55,27
"455","140280515",1,280,100,1,26,41,31,1,9,0,7,1,1,0,171,35,35,34,33,34,109,1,33,42,32,1,280,36,68,76,65,35
"456","140910303",1,512,312,15,59,142,81,15,26,0,10,6,9,1,174,36,21,34,33,50,338,15,69,148,90,16,512,51,90,182,123,66
"457","140211112",1,942,583,12,174,256,117,24,22,2,13,4,1,2,337,71,62,49,60,95,605,14,187,260,118,26,942,85,249,309,178,121
"458","140910302",1,43,25,0,7,10,5,3,0,0,0,0,0,0,18,4,5,2,6,1,25,0,7,10,5,3,43,4,12,12,11,4
"459","140210105",1,187,117,4,25,52,26,10,3,0,1,0,2,0,67,7,12,12,8,28,120,4,26,52,28,10,187,11,38,64,36,38
"460","140210107",1,365,219,5,43,96,53,22,17,0,9,4,4,0,129,20,16,16,23,54,236,5,52,100,57,22,365,25,68,116,80,76
"461","140700204",1,83,23,1,5,7,10,0,1,0,1,0,0,0,59,5,8,12,22,12,24,1,6,7,10,0,83,6,14,19,32,12
"462","140210304",1,654,422,21,138,159,86,18,29,4,15,8,1,1,203,35,46,34,38,50,451,25,153,167,87,19,654,60,199,201,125,69
"463","140210201",1,37,26,2,8,10,5,1,1,0,1,0,0,0,10,0,0,2,3,5,27,2,9,10,5,1,37,2,9,12,8,6
"464","140211110",1,461,275,4,71,139,53,8,7,0,4,1,2,0,179,41,33,35,29,41,282,4,75,140,55,8,461,45,108,175,84,49
"465","140210314",1,714,414,33,144,187,43,7,60,10,28,16,6,0,240,69,58,61,24,28,474,43,172,203,49,7,714,112,230,264,73,35
"466","140210315",1,617,361,27,140,144,45,5,43,6,16,17,4,0,213,56,60,59,21,17,404,33,156,161,49,5,617,89,216,220,70,22
"467","140210303",1,508,263,9,71,130,41,12,23,2,10,9,2,0,222,25,37,42,33,85,286,11,81,139,43,12,508,36,118,181,76,97
"468","140211113",1,691,434,6,123,214,76,15,24,2,15,4,3,0,233,54,43,43,44,49,458,8,138,218,79,15,691,62,181,261,123,64
"469","140211111",1,562,358,12,113,161,59,13,21,0,12,5,3,1,183,35,36,32,26,54,379,12,125,166,62,14,562,47,161,198,88,68
"470","140210316",1,586,326,19,118,151,36,2,13,1,10,2,0,0,247,82,70,60,20,15,339,20,128,153,36,2,586,102,198,213,56,17
"471","140211116",1,519,351,10,94,162,63,22,11,1,3,5,1,1,157,34,21,24,27,51,362,11,97,167,64,23,519,45,118,191,91,74
"472","141400519",1,503,322,14,70,134,81,23,6,0,4,1,1,0,175,24,28,9,28,86,328,14,74,135,82,23,503,38,102,144,110,109
"473","140211114",1,580,355,11,94,177,62,11,35,2,19,12,2,0,190,49,26,44,27,44,390,13,113,189,64,11,580,62,139,233,91,55
"474","140210108",1,354,216,8,50,92,51,15,6,1,3,1,0,1,132,30,14,14,26,48,222,9,53,93,51,16,354,39,67,107,77,64
"475","140210109",1,408,250,7,71,113,44,15,14,1,4,9,0,0,144,33,26,22,29,34,264,8,75,122,44,15,408,41,101,144,73,49
"476","141400520",1,947,605,24,159,235,139,48,17,4,8,5,0,0,325,62,52,36,46,129,622,28,167,240,139,48,947,90,219,276,185,177
"477","140211117",1,655,371,8,98,153,94,18,8,0,4,2,2,0,276,38,46,40,55,97,379,8,102,155,96,18,655,46,148,195,151,115
"478","140210203",1,34,21,1,3,11,5,1,3,1,1,1,0,0,10,2,1,4,0,3,24,2,4,12,5,1,34,4,5,16,5,4
"479","140210309",1,453,244,8,65,116,40,15,14,6,3,5,0,0,195,41,45,34,30,45,258,14,68,121,40,15,453,55,113,155,70,60
"480","140211115",1,551,314,6,80,151,62,15,16,0,12,4,0,0,221,29,39,23,43,87,330,6,92,155,62,15,551,35,131,178,105,102
"481","141400506",1,148,108,15,30,41,21,1,1,0,0,0,0,1,39,10,10,10,6,3,109,15,30,41,21,2,148,25,40,51,27,5
"482","140211119",1,727,472,15,117,204,100,36,23,0,14,4,3,2,232,41,34,43,39,75,495,15,131,208,103,38,727,56,165,251,142,113
"483","140280706",1,193,72,2,22,23,19,6,4,0,1,3,0,0,117,16,24,21,26,30,76,2,23,26,19,6,193,18,47,47,45,36
"484","140211118",1,870,515,11,114,253,104,33,30,1,19,10,0,0,325,64,51,52,58,100,545,12,133,263,104,33,870,76,184,315,162,133
"485","140210313",1,270,125,4,27,58,24,12,5,0,2,2,1,0,140,26,31,30,19,34,130,4,29,60,25,12,270,30,60,90,44,46
"486","141050109",1,273,159,7,31,69,38,14,1,0,0,0,1,0,113,19,16,22,19,37,160,7,31,69,39,14,273,26,47,91,58,51
"487","140700211",1,205,81,2,17,45,17,0,0,0,0,0,0,0,124,24,14,22,24,40,81,2,17,45,17,0,205,26,31,67,41,40
"488","140210110",1,277,169,4,27,82,49,7,10,0,8,1,1,0,98,15,11,16,20,36,179,4,35,83,50,7,277,19,46,99,70,43
"489","140280703",1,70,42,1,13,19,8,1,0,0,0,0,0,0,28,6,3,8,6,5,42,1,13,19,8,1,70,7,16,27,14,6
"490","140910304",1,710,429,27,114,190,77,21,48,1,21,16,10,0,233,42,40,36,49,66,477,28,135,206,87,21,710,70,175,242,136,87
"491","140210310",1,258,161,5,48,66,32,10,10,0,4,4,2,0,87,20,16,15,10,26,171,5,52,70,34,10,258,25,68,85,44,36
"492","141400511",1,801,455,16,122,201,97,19,18,1,9,5,3,0,328,72,57,55,47,97,473,17,131,206,100,19,801,89,188,261,147,116
"493","141400512",1,550,330,8,86,152,79,5,11,1,3,5,2,0,209,44,39,21,34,71,341,9,89,157,81,5,550,53,128,178,115,76
"494","141400513",1,455,272,9,79,116,54,14,15,2,9,2,2,0,168,21,33,20,27,67,287,11,88,118,56,14,455,32,121,138,83,81
"495","140210311",1,340,215,5,59,87,52,12,3,1,1,1,0,0,122,16,20,16,20,50,218,6,60,88,52,12,340,22,80,104,72,62
"496","140911601",1,15,15,0,3,4,6,2,0,0,0,0,0,0,0,0,0,0,0,0,15,0,3,4,6,2,15,0,3,4,6,2
"497","140210401",1,231,134,1,33,64,31,5,3,1,1,1,0,0,94,13,17,20,20,24,137,2,34,65,31,5,231,15,51,85,51,29
"498","140910306",1,435,252,9,59,104,67,13,16,0,5,8,2,1,167,27,17,19,40,64,268,9,64,112,69,14,435,36,81,131,109,78
"499","140910307",1,483,294,9,68,151,52,14,19,1,6,4,7,1,170,25,26,22,29,68,313,10,74,155,59,15,483,35,100,177,88,83
"500","141400514",1,632,359,8,87,146,81,37,12,0,8,1,3,0,261,32,39,28,52,110,371,8,95,147,84,37,632,40,134,175,136,147
"501","140910305",1,524,307,11,69,143,65,19,20,1,4,10,5,0,197,29,23,38,40,67,327,12,73,153,70,19,524,41,96,191,110,86
"502","141050308",1,349,178,8,51,84,31,4,9,1,4,3,1,0,162,34,26,37,22,43,187,9,55,87,32,4,349,43,81,124,54,47
"503","141400505",1,167,141,17,45,53,24,2,0,0,0,0,0,0,26,9,7,6,1,3,141,17,45,53,24,2,167,26,52,59,25,5
"504","141400515",1,639,395,9,106,178,89,13,21,1,11,7,2,0,223,45,32,31,38,77,416,10,117,185,91,13,639,55,149,216,129,90
"505","141400517",1,474,252,9,58,125,50,10,10,0,3,6,1,0,212,43,34,28,31,76,262,9,61,131,51,10,474,52,95,159,82,86
"506","140210312",1,322,181,6,61,72,35,7,6,0,4,1,1,0,135,33,20,24,15,43,187,6,65,73,36,7,322,39,85,97,51,50
"507","140910311",1,424,261,13,49,132,55,12,12,2,5,2,3,0,151,27,24,26,30,44,273,15,54,134,58,12,424,42,78,160,88,56
"508","140911501",1,16,7,0,0,7,0,0,0,0,0,0,0,0,9,1,1,1,3,3,7,0,0,7,0,0,16,1,1,8,3,3
"509","141400516",1,640,370,9,97,187,66,11,24,4,10,5,5,0,246,48,32,24,46,96,394,13,107,192,71,11,640,61,139,216,117,107
"510","141400518",1,442,268,8,73,115,58,14,10,1,3,5,1,0,164,24,22,19,34,65,278,9,76,120,59,14,442,33,98,139,93,79
"511","140210202",1,55,36,0,15,12,6,3,1,0,1,0,0,0,18,3,2,2,4,7,37,0,16,12,6,3,55,3,18,14,10,10
"512","140910310",1,445,268,6,62,116,65,19,16,2,2,7,5,0,161,23,14,19,39,66,284,8,64,123,70,19,445,31,78,142,109,85
"513","140210208",1,218,140,1,30,58,43,8,5,0,2,0,3,0,73,7,7,7,23,29,145,1,32,58,46,8,218,8,39,65,69,37
"514","141050304",1,53,28,1,9,7,8,3,0,0,0,0,0,0,25,2,6,9,2,6,28,1,9,7,8,3,53,3,15,16,10,9
"515","140910309",1,666,369,14,80,156,83,36,27,1,11,5,9,1,270,44,30,26,44,126,396,15,91,161,92,37,666,59,121,187,136,163
"516","141050303",1,135,96,6,22,45,13,10,1,0,0,0,1,0,38,8,6,10,4,10,97,6,22,45,14,10,135,14,28,55,18,20
"517","140910308",1,537,322,19,78,134,69,22,26,4,11,7,4,0,189,30,40,29,31,59,348,23,89,141,73,22,537,53,129,170,104,81
"518","140210207",1,347,234,13,38,121,48,14,5,1,1,3,0,0,108,17,13,19,19,40,239,14,39,124,48,14,347,31,52,143,67,54
"519","140911503",1,530,332,16,79,157,69,11,25,1,11,8,5,0,173,41,25,34,26,47,357,17,90,165,74,11,530,58,115,199,100,58
"520","140911502",1,338,197,7,56,84,38,12,22,2,11,7,2,0,119,31,20,18,20,30,219,9,67,91,40,12,338,40,87,109,60,42
"521","141400910",1,652,447,35,137,186,71,18,5,0,4,1,0,0,200,42,31,30,28,69,452,35,141,187,71,18,652,77,172,217,99,87
"522","141400911",1,799,500,20,126,246,87,21,17,0,10,4,2,1,282,53,33,36,41,119,517,20,136,250,89,22,799,73,169,286,130,141
"523","141400913",1,603,372,5,72,162,89,44,5,0,1,3,1,0,226,29,38,16,43,100,377,5,73,165,90,44,603,34,111,181,133,144
"524","140911602",1,39,14,2,1,7,3,1,0,0,0,0,0,0,25,0,3,7,6,9,14,2,1,7,3,1,39,2,4,14,9,10
"525","141400914",1,763,493,25,166,182,98,22,17,4,8,2,2,1,253,49,56,30,42,76,510,29,174,184,100,23,763,78,230,214,142,99
"526","140210209",1,436,287,7,77,116,62,25,17,1,10,5,1,0,132,16,12,14,26,64,304,8,87,121,63,25,436,24,99,135,89,89
"527","140700208",1,97,26,3,7,12,3,1,1,0,0,1,0,0,70,5,14,12,18,21,27,3,7,13,3,1,97,8,21,25,21,22
"528","140911505",1,357,199,5,45,94,42,13,8,2,5,1,0,0,150,17,21,24,31,57,207,7,50,95,42,13,357,24,71,119,73,70
"529","141400912",1,467,277,5,76,119,61,16,3,0,1,1,0,1,187,30,23,14,34,86,280,5,77,120,61,17,467,35,100,134,95,103
"530","140210210",1,299,166,3,37,76,44,6,8,2,5,0,1,0,125,22,15,16,28,44,174,5,42,76,45,6,299,27,57,92,73,50
"531","140911504",1,453,234,7,53,105,53,16,31,5,8,10,4,4,188,37,23,30,30,68,265,12,61,115,57,20,453,49,84,145,87,88
"532","141050402",1,128,86,4,23,36,13,10,3,0,3,0,0,0,39,7,11,5,7,9,89,4,26,36,13,10,128,11,37,41,20,19
"533","140700206",1,217,91,2,23,36,26,4,9,2,3,3,1,0,117,14,21,23,25,34,100,4,26,39,27,4,217,18,47,62,52,38
"534","140210211",1,185,139,3,21,58,42,15,2,0,1,1,0,0,44,10,3,2,12,17,141,3,22,59,42,15,185,13,25,61,54,32
"535","141400915",1,855,504,15,104,254,95,36,6,0,4,1,1,0,345,62,41,29,53,160,510,15,108,255,96,36,855,77,149,284,149,196
"536","141050401",1,27,11,0,4,4,3,0,0,0,0,0,0,0,16,2,4,4,2,4,11,0,4,4,3,0,27,2,8,8,5,4
"537","140210206",1,186,124,0,18,61,36,9,4,0,1,1,2,0,58,12,6,12,14,14,128,0,19,62,38,9,186,12,25,74,52,23
"538","140911507",1,560,317,17,79,150,65,6,18,2,6,6,4,0,225,50,45,32,38,60,335,19,85,156,69,6,560,69,130,188,107,66
"539","140911506",1,473,268,3,58,113,78,16,22,1,13,8,0,0,183,26,16,23,41,77,290,4,71,121,78,16,473,30,87,144,119,93
"540","140210205",1,238,162,10,49,71,29,3,7,0,2,4,1,0,69,17,17,14,9,12,169,10,51,75,30,3,238,27,68,89,39,15
"541","140700207",1,172,68,4,10,38,12,4,6,0,3,3,0,0,98,16,21,26,16,19,74,4,13,41,12,4,172,20,34,67,28,23
"542","140911509",1,518,302,16,73,121,73,19,19,3,6,8,2,0,197,33,26,30,33,75,321,19,79,129,75,19,518,52,105,159,108,94
"543","140911510",1,593,340,8,93,143,85,11,27,2,11,6,6,2,226,40,28,26,42,90,367,10,104,149,91,13,593,50,132,175,133,103
"544","140911508",1,535,299,9,82,127,71,10,26,3,5,14,3,1,210,43,31,34,42,60,325,12,87,141,74,11,535,55,118,175,116,71
"545","140210212",1,285,179,11,44,76,35,13,17,2,4,7,4,0,89,10,13,13,22,31,196,13,48,83,39,13,285,23,61,96,61,44
"546","140910407",1,725,388,7,63,162,124,32,14,1,6,5,2,0,323,34,46,40,74,129,402,8,69,167,126,32,725,42,115,207,200,161
"547","140910501",1,11,5,0,1,2,2,0,1,0,0,0,1,0,5,2,0,2,1,0,6,0,1,2,3,0,11,2,1,4,4,0
"548","140910405",1,571,313,7,73,151,62,20,19,0,9,6,3,1,239,34,28,31,44,102,332,7,82,157,65,21,571,41,110,188,109,123
"549","140910402",1,718,407,9,111,170,83,34,28,4,9,9,6,0,283,44,49,45,37,108,435,13,120,179,89,34,718,57,169,224,126,142
"550","140910403",1,569,308,16,70,141,70,11,22,2,8,9,2,1,239,39,28,33,31,108,330,18,78,150,72,12,569,57,106,183,103,120
"551","140910404",1,645,352,12,87,149,85,19,32,0,12,13,7,0,261,51,35,24,45,106,384,12,99,162,92,19,645,63,134,186,137,125
"552","140910419",1,487,228,18,79,81,48,2,9,0,8,0,1,0,250,41,44,45,30,90,237,18,87,81,49,2,487,59,131,126,79,92
"553","140210213",1,397,213,9,64,92,39,9,21,3,10,3,5,0,163,41,33,31,17,41,234,12,74,95,44,9,397,53,107,126,61,50
"554","140910401",1,648,364,19,106,153,73,13,17,2,8,5,2,0,267,42,44,64,52,65,381,21,114,158,75,13,648,63,158,222,127,78
"555","140280704",1,30,21,1,5,8,4,3,1,0,1,0,0,0,8,2,1,2,1,2,22,1,6,8,4,3,30,3,7,10,5,5
"556","140910411",1,733,390,3,89,166,103,29,21,4,8,6,2,1,322,40,55,35,54,138,411,7,97,172,105,30,733,47,152,207,159,168
"557","140910406",1,503,275,4,65,127,62,17,22,1,11,6,4,0,206,30,20,17,31,108,297,5,76,133,66,17,503,35,96,150,97,125
"558","140910412",1,234,150,10,30,53,47,10,13,0,4,4,5,0,71,16,7,7,7,34,163,10,34,57,52,10,234,26,41,64,59,44
"559","140911603",1,5,2,0,2,0,0,0,1,0,1,0,0,0,2,0,1,0,0,1,3,0,3,0,0,0,5,0,4,0,0,1
"560","140910408",1,559,302,6,60,140,74,22,14,0,3,11,0,0,243,44,36,30,34,99,316,6,63,151,74,22,559,50,99,181,108,121
"561","140911605",1,147,94,2,28,31,22,11,2,1,1,0,0,0,51,11,7,14,5,14,96,3,29,31,22,11,147,14,36,45,27,25
"562","140910409",1,718,394,10,81,177,94,32,13,1,6,3,1,2,311,35,37,27,58,154,407,11,87,180,95,34,718,46,124,207,153,188
"563","140910410",1,288,164,4,27,79,39,15,7,0,3,2,2,0,117,17,12,8,23,57,171,4,30,81,41,15,288,21,42,89,64,72
"564","140210204",1,114,68,3,15,28,17,5,2,1,1,0,0,0,44,7,10,6,11,10,70,4,16,28,17,5,114,11,26,34,28,15
"565","140910413",1,808,467,19,103,204,111,30,23,2,10,7,4,0,318,34,41,38,52,153,490,21,113,211,115,30,808,55,154,249,167,183
"566","140910414",1,475,291,9,54,109,90,29,16,1,6,4,5,0,168,35,18,16,21,78,307,10,60,113,95,29,475,45,78,129,116,107
"567","140211201",1,445,248,10,65,114,48,11,47,4,18,18,5,2,150,26,32,20,19,53,295,14,83,132,53,13,445,40,115,152,72,66
"568","140210402",1,199,108,4,36,42,19,7,4,0,3,1,0,0,87,8,19,9,18,33,112,4,39,43,19,7,199,12,58,52,37,40
"569","141400202",1,242,169,4,55,64,29,17,1,0,1,0,0,0,72,12,16,15,11,18,170,4,56,64,29,17,242,16,72,79,40,35
"570","140910415",1,649,383,22,110,173,70,8,20,1,11,6,2,0,246,41,49,45,37,74,403,23,121,179,72,8,649,64,170,224,109,82
"571","140910416",1,426,237,7,52,109,57,12,22,3,11,1,6,1,167,32,23,25,28,59,259,10,63,110,63,13,426,42,86,135,91,72
"572","140910417",1,868,513,17,129,202,133,32,41,0,22,12,5,2,314,37,51,51,80,95,554,17,151,214,138,34,868,54,202,265,218,129
"573","140910418",1,576,323,11,61,175,58,18,36,0,16,16,4,0,217,44,26,17,45,85,359,11,77,191,62,18,576,55,103,208,107,103
"574","140910420",1,757,438,26,101,192,101,18,43,4,18,14,4,3,276,58,40,49,58,71,481,30,119,206,105,21,757,88,159,255,163,92
"575","140700105",1,258,66,3,13,35,12,3,2,0,2,0,0,0,190,26,29,34,51,50,68,3,15,35,12,3,258,29,44,69,63,53
"576","140910505",1,721,369,18,110,169,61,11,36,3,10,19,3,1,316,58,62,60,50,86,405,21,120,188,64,12,721,79,182,248,114,98
"577","140211202",1,411,229,5,51,120,41,12,16,1,5,8,2,0,166,40,23,33,30,40,245,6,56,128,43,12,411,46,79,161,73,52
"578","140910503",1,575,325,11,85,141,74,14,25,2,7,9,6,1,225,31,24,40,53,77,350,13,92,150,80,15,575,44,116,190,133,92
"579","140910504",1,715,402,8,82,196,95,21,37,6,15,7,8,1,276,42,39,38,44,113,439,14,97,203,103,22,715,56,136,241,147,135
"580","140910502",1,394,220,16,58,93,45,8,24,5,4,6,7,2,150,25,38,22,26,39,244,21,62,99,52,10,394,46,100,121,78,49
"581","140211204",1,520,349,13,72,179,71,14,14,1,8,5,0,0,157,28,20,37,30,42,363,14,80,184,71,14,520,42,100,221,101,56
"582","140911604",1,13,10,0,1,2,4,3,0,0,0,0,0,0,3,0,0,1,1,1,10,0,1,2,4,3,13,0,1,3,5,4
"583","140211203",1,655,373,12,61,223,69,8,32,3,9,16,4,0,250,56,43,45,46,60,405,15,70,239,73,8,655,71,113,284,119,68
"584","140910507",1,375,217,11,58,94,45,9,16,2,3,5,4,2,142,25,16,14,28,59,233,13,61,99,49,11,375,38,77,113,77,70
"585","141401001",1,220,158,13,57,65,20,3,1,1,0,0,0,0,61,14,15,16,12,4,159,14,57,65,20,3,220,28,72,81,32,7
"586","140910510",1,526,261,6,50,131,54,20,17,3,5,6,2,1,248,45,39,40,38,86,278,9,55,137,56,21,526,54,94,177,94,107
"587","140910506",1,495,268,9,61,125,59,14,28,10,8,5,5,0,199,29,20,16,35,99,296,19,69,130,64,14,495,48,89,146,99,113
"588","140911606",1,64,42,3,10,19,8,2,2,0,1,0,1,0,20,2,4,5,3,6,44,3,11,19,9,2,64,5,15,24,12,8
"589","140210601",1,142,104,1,18,50,23,12,3,0,0,3,0,0,35,4,4,6,10,11,107,1,18,53,23,12,142,5,22,59,33,23
"590","140210501",1,120,54,1,17,29,7,0,3,0,2,1,0,0,63,15,10,16,6,16,57,1,19,30,7,0,120,16,29,46,13,16
"591","140211205",1,597,357,6,101,180,58,12,23,1,12,7,2,1,217,43,39,32,33,70,380,7,113,187,60,13,597,50,152,219,93,83
"592","140910509",1,472,238,8,60,91,63,16,31,5,8,14,3,1,203,45,34,25,39,60,269,13,68,105,66,17,472,58,102,130,105,77
"593","141050404",1,122,62,4,12,20,23,3,4,0,1,2,1,0,56,7,14,14,10,11,66,4,13,22,24,3,122,11,27,36,34,14
"594","141050501",1,108,58,1,13,24,14,6,2,0,0,1,1,0,48,8,5,11,13,11,60,1,13,25,15,6,108,9,18,36,28,17
"595","140910508",1,222,132,0,22,55,38,17,10,0,3,5,2,0,80,10,8,9,17,36,142,0,25,60,40,17,222,10,33,69,57,53
"596","141400907",1,94,70,8,25,24,8,5,0,0,0,0,0,0,24,6,6,9,3,0,70,8,25,24,8,5,94,14,31,33,11,5
"597","140911607",1,12,9,0,5,3,0,1,0,0,0,0,0,0,3,0,1,1,1,0,9,0,5,3,0,1,12,0,6,4,1,1
"598","140211206",1,538,358,14,64,212,57,11,24,2,13,7,2,0,156,36,22,20,31,47,382,16,77,219,59,11,538,52,99,239,90,58
"599","140211207",1,463,240,7,66,129,32,6,11,0,3,6,2,0,212,31,48,44,33,56,251,7,69,135,34,6,463,38,117,179,67,62
"600","140210406",1,681,421,17,112,184,83,25,27,3,10,9,4,1,233,45,34,44,39,71,448,20,122,193,87,26,681,65,156,237,126,97
"601","141400601",1,32,28,0,14,8,5,1,0,0,0,0,0,0,4,0,4,0,0,0,28,0,14,8,5,1,32,0,18,8,5,1
"602","140211208",1,323,206,8,41,98,52,7,14,0,5,5,3,1,103,28,19,11,20,25,220,8,46,103,55,8,323,36,65,114,75,33
"603","140210405",1,252,140,2,38,55,37,8,7,1,4,1,1,0,105,14,9,31,22,29,147,3,42,56,38,8,252,17,51,87,60,37
"604","140211209",1,306,202,5,54,87,44,12,10,0,7,3,0,0,94,20,15,10,13,36,212,5,61,90,44,12,306,25,76,100,57,48
"605","140211212",1,488,308,9,85,144,56,14,30,4,16,7,3,0,150,39,31,25,25,30,338,13,101,151,59,14,488,52,132,176,84,44
"606","141401002",1,195,144,13,51,57,18,5,6,1,2,2,0,1,45,9,11,12,10,3,150,14,53,59,18,6,195,23,64,71,28,9
"607","140211210",1,584,353,8,100,163,67,15,20,0,11,7,1,1,211,25,25,30,39,92,373,8,111,170,68,16,584,33,136,200,107,108
"608","140211211",1,647,387,11,98,172,91,15,18,1,11,2,3,1,242,46,46,29,43,78,405,12,109,174,94,16,647,58,155,203,137,94
"609","140210407",1,748,393,11,116,176,75,15,35,3,18,6,7,1,320,57,80,71,42,70,428,14,134,182,82,16,748,71,214,253,124,86
"610","140211301",1,580,353,7,87,180,67,12,29,4,9,12,2,2,198,50,28,25,33,62,382,11,96,192,69,14,580,61,124,217,102,76
"611","140211304",1,416,263,8,50,134,57,14,20,0,10,5,2,3,133,28,14,14,30,47,283,8,60,139,59,17,416,36,74,153,89,64
"612","140911609",1,299,180,8,30,82,53,7,17,0,5,7,5,0,102,16,10,16,22,38,197,8,35,89,58,7,299,24,45,105,80,45
"613","140211303",1,478,320,8,59,174,67,12,11,0,6,5,0,0,147,35,25,24,16,47,331,8,65,179,67,12,478,43,90,203,83,59
"614","141400203",1,142,100,4,31,45,18,2,0,0,0,0,0,0,42,12,7,12,6,5,100,4,31,45,18,2,142,16,38,57,24,7
"615","140911610",1,194,108,5,26,52,21,4,19,0,8,6,5,0,67,9,7,8,12,31,127,5,34,58,26,4,194,14,41,66,38,35
"616","140211214",1,613,358,14,72,179,71,22,19,1,5,8,4,1,236,26,33,29,50,98,377,15,77,187,75,23,613,41,110,216,125,121
"617","140211302",1,370,205,7,42,104,47,5,23,1,7,9,5,1,142,29,19,26,27,41,228,8,49,113,52,6,370,37,68,139,79,47
"618","140700209",1,94,27,0,8,10,7,2,2,0,2,0,0,0,65,8,6,12,15,24,29,0,10,10,7,2,94,8,16,22,22,26
"619","140210408",1,242,136,10,48,57,16,5,9,2,2,4,1,0,97,17,22,18,16,24,145,12,50,61,17,5,242,29,72,79,33,29
"620","140211213",1,484,302,13,72,146,57,14,38,6,12,16,4,0,144,40,16,26,27,35,340,19,84,162,61,14,484,59,100,188,88,49
"621","141050306",1,116,78,3,27,37,5,6,1,0,0,0,0,1,37,7,8,13,6,3,79,3,27,37,5,7,116,10,35,50,11,10
"622","141050403",1,58,32,2,7,13,5,5,2,0,1,1,0,0,24,5,3,9,6,1,34,2,8,14,5,5,58,7,11,23,11,6
"623","140210602",1,66,49,1,18,20,10,0,1,0,0,1,0,0,16,6,4,2,1,3,50,1,18,21,10,0,66,7,22,23,11,3
"624","140211307",1,416,258,8,82,130,34,4,23,2,11,10,0,0,135,29,30,18,22,36,281,10,93,140,34,4,416,39,123,158,56,40
"625","141050307",1,93,61,1,17,19,17,7,0,0,0,0,0,0,32,7,6,6,8,5,61,1,17,19,17,7,93,8,23,25,25,12
"626","141401004",1,136,89,7,27,36,17,2,3,0,2,1,0,0,44,7,12,10,7,8,92,7,29,37,17,2,136,14,41,47,24,10
"627","140211306",1,487,312,13,82,130,72,15,28,3,12,8,5,0,147,20,24,21,30,52,340,16,94,138,77,15,487,36,118,159,107,67
"628","140211305",1,726,457,7,110,219,96,25,27,1,12,9,4,1,242,52,36,45,36,73,484,8,122,228,100,26,726,60,158,273,136,99
"629","140210502",1,212,140,4,22,84,23,7,7,0,2,3,2,0,65,16,13,15,9,12,147,4,24,87,25,7,212,20,37,102,34,19
"630","141050309",1,877,523,21,152,232,96,22,22,0,15,4,3,0,332,58,76,42,54,102,545,21,167,236,99,22,877,79,243,278,153,124
"631","140280705",1,47,21,1,4,7,6,3,0,0,0,0,0,0,26,3,7,1,6,9,21,1,4,7,6,3,47,4,11,8,12,12
"632","141400603",1,45,36,3,6,13,11,3,0,0,0,0,0,0,9,2,1,3,2,1,36,3,6,13,11,3,45,5,7,16,13,4
"633","140700213",1,671,347,8,85,162,75,17,27,4,12,8,2,1,297,56,59,48,52,82,374,12,97,170,77,18,671,68,156,218,129,100
"634","141050310",1,726,435,10,127,193,78,27,23,3,11,5,3,1,268,51,38,44,48,87,458,13,138,198,81,28,726,64,176,242,129,115
"635","140211311",1,410,251,7,64,112,57,11,12,2,3,5,2,0,147,19,17,21,23,67,263,9,67,117,59,11,410,28,84,138,82,78
"636","140211308",1,879,563,22,155,248,118,20,28,3,16,7,0,2,288,64,45,38,43,98,591,25,171,255,118,22,879,89,216,293,161,120
"637","140700212",1,319,176,3,45,94,30,4,7,0,4,3,0,0,136,39,26,22,22,27,183,3,49,97,30,4,319,42,75,119,52,31
"638","140211314",1,673,390,8,78,190,89,25,16,0,10,4,2,0,267,47,52,30,53,85,406,8,88,194,91,25,673,55,140,224,144,110
"639","140700210",1,182,57,3,10,28,11,5,10,0,3,4,3,0,115,21,18,19,24,33,67,3,13,32,14,5,182,24,31,51,38,38
"640","141400101",1,128,93,12,28,35,11,7,1,0,0,1,0,0,34,6,6,9,8,5,94,12,28,36,11,7,128,18,34,45,19,12
"641","140211312",1,472,288,11,69,126,64,18,21,0,7,11,3,0,163,31,16,23,37,56,309,11,76,137,67,18,472,42,92,160,104,74
"642","141050311",1,409,254,15,79,85,57,18,7,1,5,0,1,0,148,24,24,23,28,49,261,16,84,85,58,18,409,40,108,108,86,67
"643","140211310",1,532,325,7,77,162,59,20,24,1,8,10,5,0,183,37,22,14,27,83,349,8,85,172,64,20,532,45,107,186,91,103
"644","140211405",1,716,468,11,134,223,86,14,21,1,10,6,3,1,227,49,37,25,51,65,489,12,144,229,89,15,716,61,181,254,140,80
"645","141050312",1,622,362,17,118,142,75,10,29,3,13,8,5,0,231,50,57,42,41,41,391,20,131,150,80,10,622,70,188,192,121,51
"646","140211313",1,547,336,4,86,152,76,18,13,0,4,6,3,0,198,28,11,14,48,97,349,4,90,158,79,18,547,32,101,172,127,115
"647","141050316",1,667,361,4,81,165,84,27,13,3,6,3,1,0,293,51,33,34,54,121,374,7,87,168,85,27,667,58,120,202,139,148
"648","141400602",1,73,58,3,19,21,11,4,0,0,0,0,0,0,15,2,5,2,2,4,58,3,19,21,11,4,73,5,24,23,13,8
"649","140211309",1,484,299,12,79,138,59,11,24,5,12,4,3,0,161,40,29,23,25,44,323,17,91,142,62,11,484,57,120,165,87,55
"650","141050314",1,797,425,21,102,206,85,11,16,3,7,6,0,0,356,69,73,58,44,112,441,24,109,212,85,11,797,93,182,270,129,123
"651","140211401",1,495,304,2,89,131,66,16,27,0,16,9,2,0,164,44,19,19,32,50,331,2,105,140,68,16,495,46,124,159,100,66
"652","141050315",1,815,432,13,108,218,70,23,25,1,7,9,8,0,358,74,56,54,71,103,457,14,115,227,78,23,815,88,171,281,149,126
"653","141050313",1,849,477,23,128,210,91,25,31,3,19,7,2,0,341,71,60,58,48,104,508,26,147,217,93,25,849,97,207,275,141,129
"654","140211402",1,376,232,2,53,117,44,16,5,0,4,1,0,0,139,23,13,9,31,63,237,2,57,118,44,16,376,25,70,127,75,79
"655","141050416",1,215,127,5,34,49,34,5,8,1,4,3,0,0,80,20,12,12,18,18,135,6,38,52,34,5,215,26,50,64,52,23
"656","140911608",1,317,220,11,46,97,53,13,8,0,0,5,3,0,89,16,16,18,18,21,228,11,46,102,56,13,317,27,62,120,74,34
"657","140211404",1,699,440,10,113,202,91,24,23,0,10,8,5,0,236,46,38,30,52,70,463,10,123,210,96,24,699,56,161,240,148,94
"658","140211403",1,415,234,3,50,107,58,16,11,0,4,4,3,0,170,22,19,17,31,81,245,3,54,111,61,16,415,25,73,128,92,97
"659","140211408",1,495,289,7,70,149,52,11,21,5,6,6,3,1,185,32,23,26,34,70,310,12,76,155,55,12,495,44,99,181,89,82
"660","140210603",1,58,38,1,6,18,9,4,1,0,0,1,0,0,19,5,1,2,1,10,39,1,6,19,9,4,58,6,7,21,10,14
"661","140211407",1,888,556,13,140,248,127,28,38,1,15,16,5,1,294,57,40,46,50,101,594,14,155,264,132,29,888,71,195,310,182,130
"662","140211409",1,479,317,7,95,135,64,16,16,1,8,6,1,0,146,37,16,15,33,45,333,8,103,141,65,16,479,45,119,156,98,61
"663","140210503",1,33,20,0,7,9,2,2,2,0,1,0,1,0,11,1,3,6,1,0,22,0,8,9,3,2,33,1,11,15,4,2
"664","140211406",1,630,423,19,111,207,72,14,27,0,12,13,1,1,180,59,26,36,20,39,450,19,123,220,73,15,630,78,149,256,93,54
"665","140211410",1,597,394,13,115,161,84,21,22,3,8,8,3,0,181,33,24,27,31,66,416,16,123,169,87,21,597,49,147,196,118,87
"666","141400604",1,229,161,16,41,56,33,15,2,0,0,2,0,0,66,13,19,9,12,13,163,16,41,58,33,15,229,29,60,67,45,28
"667","141050405",1,132,83,1,24,33,20,5,0,0,0,0,0,0,49,9,10,13,4,13,83,1,24,33,20,5,132,10,34,46,24,18
"668","141400204",1,226,163,7,57,72,23,4,8,2,4,2,0,0,55,14,11,14,8,8,171,9,61,74,23,4,226,23,72,88,31,12
"669","141401003",1,204,171,20,68,63,19,1,2,1,1,0,0,0,31,2,13,6,10,0,173,21,69,63,19,1,204,23,82,69,29,1
"670","140211411",1,754,475,17,135,218,89,16,38,5,16,14,3,0,241,59,37,39,42,64,513,22,151,232,92,16,754,81,188,271,134,80
"671","141050410",1,226,105,6,29,43,22,5,4,0,1,2,1,0,117,10,20,21,27,39,109,6,30,45,23,5,226,16,50,66,50,44
"672","140910602",1,262,140,5,46,65,21,3,7,0,4,3,0,0,115,27,36,20,12,20,147,5,50,68,21,3,262,32,86,88,33,23
"673","140211412",1,616,366,7,114,153,83,9,41,6,15,15,5,0,209,60,33,26,37,53,407,13,129,168,88,9,616,73,162,194,125,62
"674","140910701",1,30,20,0,4,7,7,2,0,0,0,0,0,0,10,2,3,4,0,1,20,0,4,7,7,2,30,2,7,11,7,3
"675","141050412",1,110,74,1,22,27,20,4,1,0,0,0,1,0,35,10,2,14,7,2,75,1,22,27,21,4,110,11,24,41,28,6
"676","140910601",1,1,1,0,0,1,0,0,0,0,0,0,0,0,0,0,0,0,0,0,1,0,0,1,0,0,1,0,0,1,0,0
"677","141401010",1,665,422,14,104,181,98,25,22,3,14,3,2,0,221,44,31,32,42,72,444,17,118,184,100,25,665,61,149,216,142,97
"678","141401011",1,660,429,12,130,194,73,20,33,1,16,8,8,0,198,38,38,29,27,66,462,13,146,202,81,20,660,51,184,231,108,86
"679","141050502",1,264,135,11,42,55,24,3,6,1,4,0,0,1,123,21,15,33,22,32,141,12,46,55,24,4,264,33,61,88,46,36
"680","141050408",1,71,41,0,8,19,12,2,0,0,0,0,0,0,30,9,6,7,5,3,41,0,8,19,12,2,71,9,14,26,17,5
"681","140211501",1,484,323,11,57,162,75,18,6,0,3,2,1,0,155,40,19,22,30,44,329,11,60,164,76,18,484,51,79,186,106,62
"682","140210403",1,333,177,16,70,66,23,2,21,3,11,7,0,0,135,28,37,34,14,22,198,19,81,73,23,2,333,47,118,107,37,24
"683","140210604",1,113,66,0,10,36,16,4,2,0,0,1,1,0,45,6,8,7,7,17,68,0,10,37,17,4,113,6,18,44,24,21
"684","141401012",1,824,469,11,129,196,107,26,25,1,10,9,5,0,330,45,46,41,65,133,494,12,139,205,112,26,824,57,185,246,177,159
"685","140211601",1,713,455,18,121,218,76,22,43,4,17,15,6,1,215,57,43,41,25,49,498,22,138,233,82,23,713,79,181,274,107,72
"686","141401013",1,347,190,5,39,90,30,26,4,0,1,2,1,0,153,17,19,14,25,78,194,5,40,92,31,26,347,22,59,106,56,104
"687","140210404",1,261,147,5,37,62,36,7,5,0,1,3,1,0,109,19,13,20,20,37,152,5,38,65,37,7,261,24,51,85,57,44
"688","141401017",1,764,433,22,130,175,88,18,20,4,10,5,1,0,311,62,49,50,70,80,453,26,140,180,89,18,764,88,189,230,159,98
"689","141401014",1,500,303,3,79,144,56,21,7,2,2,3,0,0,190,30,31,23,30,76,310,5,81,147,56,21,500,35,112,170,86,97
"690","140211502",1,582,374,8,99,186,74,7,20,1,10,7,2,0,188,45,35,28,24,56,394,9,109,193,76,7,582,54,144,221,100,63
"691","140910702",1,497,306,18,69,134,70,15,11,1,3,7,0,0,180,36,33,21,38,52,317,19,72,141,70,15,497,55,105,162,108,67
"692","141401016",1,792,446,6,96,220,103,21,11,0,9,1,1,0,335,49,48,34,55,149,457,6,105,221,104,21,792,55,153,255,159,170
"693","141401015",1,636,350,4,77,162,80,27,22,4,7,8,3,0,264,38,41,34,54,97,372,8,84,170,83,27,636,46,125,204,137,124
"694","140210703",1,213,112,6,29,43,25,9,1,0,0,1,0,0,100,9,15,27,18,31,113,6,29,44,25,9,213,15,44,71,43,40
"695","140210504",1,151,126,8,21,70,24,3,2,0,0,1,1,0,23,5,4,8,2,4,128,8,21,71,25,3,151,13,25,79,27,7
"696","140211602",1,943,580,12,177,249,117,25,31,2,12,11,6,0,332,71,46,53,54,108,611,14,189,260,123,25,943,85,235,313,177,133
"697","140910703",1,753,424,14,85,212,93,20,30,3,20,3,3,1,299,61,50,38,53,97,454,17,105,215,96,21,753,78,155,253,149,118
"698","140910705",1,459,261,4,58,113,68,18,17,0,8,5,4,0,181,32,26,13,35,75,278,4,66,118,72,18,459,36,92,131,107,93
"699","140211605",1,660,400,26,127,175,64,8,35,7,16,9,3,0,225,76,52,39,24,34,435,33,143,184,67,8,660,109,195,223,91,42
"700","140211504",1,610,357,4,99,154,81,19,22,0,12,6,4,0,231,43,26,37,36,89,379,4,111,160,85,19,610,47,137,197,121,108
"701","140910706",1,341,213,12,39,103,52,7,8,0,3,5,0,0,120,26,18,16,25,35,221,12,42,108,52,7,341,38,60,124,77,42
"702","140211606",1,670,395,20,119,170,70,16,59,3,26,17,12,1,216,64,40,31,29,52,454,23,145,187,82,17,670,87,185,218,111,69
"703","140211508",1,272,171,5,33,89,37,7,6,1,3,1,1,0,95,25,14,15,14,27,177,6,36,90,38,7,272,31,50,105,52,34
"704","140211503",1,552,351,3,88,190,63,7,19,1,8,5,4,1,182,50,34,33,28,37,370,4,96,195,67,8,552,54,130,228,95,45
"705","140211604",1,703,432,30,146,174,73,9,34,2,16,14,2,0,237,68,53,37,35,44,466,32,162,188,75,9,703,100,215,225,110,53
"706","140211505",1,505,320,5,90,153,53,19,12,0,9,3,0,0,173,24,31,26,28,64,332,5,99,156,53,19,505,29,130,182,81,83
"707","140910704",1,543,322,2,63,160,83,14,6,0,4,2,0,0,215,45,34,33,37,66,328,2,67,162,83,14,543,47,101,195,120,80
"708","141400605",1,203,157,10,57,49,33,8,0,0,0,0,0,0,46,15,12,14,4,1,157,10,57,49,33,8,203,25,69,63,37,9
"709","140211603",1,537,326,6,85,149,68,18,22,0,9,7,3,3,189,32,36,22,28,71,348,6,94,156,71,21,537,38,130,178,99,92
"710","140910605",1,53,27,2,5,8,9,3,3,0,1,2,0,0,23,2,2,5,3,11,30,2,6,10,9,3,53,4,8,15,12,14
"711","140211506",1,671,425,7,96,198,95,29,12,0,5,5,2,0,234,45,40,20,26,103,437,7,101,203,97,29,671,52,141,223,123,132
"712","140211607",1,652,392,4,109,178,86,15,23,2,8,7,5,1,237,44,45,34,39,75,415,6,117,185,91,16,652,50,162,219,130,91
"713","140211507",1,617,396,19,105,164,93,15,31,2,15,11,3,0,190,38,30,28,42,52,427,21,120,175,96,15,617,59,150,203,138,67
"714","141050413",1,68,51,2,20,14,13,2,0,0,0,0,0,0,17,1,5,6,4,1,51,2,20,14,13,2,68,3,25,20,17,3
"715","140911701",1,3,2,0,0,2,0,0,0,0,0,0,0,0,1,0,0,1,0,0,2,0,0,2,0,0,3,0,0,3,0,0
"716","140910707",1,632,366,9,76,175,79,27,25,1,13,11,0,0,241,45,41,24,38,93,391,10,89,186,79,27,632,55,130,210,117,120
"717","141050503",1,511,293,12,122,109,44,6,16,0,3,9,4,0,202,34,71,37,23,37,309,12,125,118,48,6,511,46,196,155,71,43
"718","140211510",1,507,335,5,94,150,74,12,14,0,4,7,2,1,158,39,22,23,18,56,349,5,98,157,76,13,507,44,120,180,94,69
"719","140211509",1,406,268,7,83,129,43,6,16,0,8,7,1,0,122,36,15,29,12,30,284,7,91,136,44,6,406,43,106,165,56,36
"720","140211511",1,500,290,5,83,122,65,15,26,0,14,9,3,0,184,31,26,22,32,73,316,5,97,131,68,15,500,36,123,153,100,88
"721","140910709",1,729,440,11,104,174,103,48,22,1,9,8,4,0,267,45,40,26,43,113,462,12,113,182,107,48,729,57,153,208,150,161
"722","140910713",1,1037,556,17,148,247,119,25,44,1,21,13,6,3,437,58,84,65,83,147,600,18,169,260,125,28,1037,76,253,325,208,175
"723","140211608",1,592,349,5,100,144,84,16,14,1,8,5,0,0,229,38,42,22,28,99,363,6,108,149,84,16,592,44,150,171,112,115
"724","140211609",1,567,367,17,106,149,75,20,27,4,12,9,2,0,173,39,23,20,29,62,394,21,118,158,77,20,567,60,141,178,106,82
"725","140211610",1,564,383,19,105,187,60,12,21,2,8,10,1,0,160,54,28,19,27,32,404,21,113,197,61,12,564,75,141,216,88,44
"726","140910708",1,611,279,1,61,141,65,11,16,1,7,7,1,0,316,53,35,36,60,132,295,2,68,148,66,11,611,55,103,184,126,143
"727","140910710",1,385,218,2,38,99,66,13,18,1,10,5,2,0,149,25,24,8,24,68,236,3,48,104,68,13,385,28,72,112,92,81
"728","140910712",1,589,353,5,84,151,85,28,18,2,8,6,0,2,218,40,24,21,33,100,371,7,92,157,85,30,589,47,116,178,118,130
"729","140210409",1,951,585,17,174,271,98,25,41,3,17,15,6,0,325,70,56,72,46,81,626,20,191,286,104,25,951,90,247,358,150,106
"730","140910711",1,670,396,8,75,179,88,46,32,4,13,10,5,0,242,36,33,19,35,119,428,12,88,189,93,46,670,48,121,208,128,165
"731","141050409",1,107,55,5,13,20,14,3,2,0,1,1,0,0,50,10,8,10,15,7,57,5,14,21,14,3,107,15,22,31,29,10
"732","140910715",1,838,469,18,119,188,116,28,33,1,17,9,6,0,336,57,49,19,63,148,502,19,136,197,122,28,838,76,185,216,185,176
"733","140910714",1,672,385,9,118,144,101,13,26,1,11,9,5,0,261,44,43,32,62,80,411,10,129,153,106,13,672,54,172,185,168,93
"734","140910717",1,419,230,17,52,100,57,4,22,0,5,14,3,0,167,43,32,29,29,34,252,17,57,114,60,4,419,60,89,143,89,38
"735","140210505",1,151,113,3,34,51,20,5,4,0,1,3,0,0,34,4,8,10,5,7,117,3,35,54,20,5,151,7,43,64,25,12
"736","140910604",1,42,23,0,5,7,7,4,1,0,1,0,0,0,18,4,2,5,2,5,24,0,6,7,7,4,42,4,8,12,9,9
"737","140910721",1,1086,570,12,162,251,124,21,71,6,27,25,8,5,445,90,80,75,88,112,641,18,189,276,132,26,1086,108,269,351,220,138
"738","140910716",1,624,363,9,96,161,78,19,16,1,11,1,3,0,245,38,40,26,46,95,379,10,107,162,81,19,624,48,147,188,127,114
"739","140211611",1,964,603,25,188,289,93,8,49,3,26,17,3,0,312,100,58,60,37,57,652,28,214,306,96,8,964,128,272,366,133,65
"740","140910720",1,963,543,15,131,238,121,38,28,1,13,10,3,1,392,70,68,52,81,121,571,16,144,248,124,39,963,86,212,300,205,160
"741","140910719",1,433,245,8,58,110,54,15,16,2,8,3,2,1,172,21,29,18,37,67,261,10,66,113,56,16,433,31,95,131,93,83
"742","140211706",1,810,529,14,130,269,99,17,27,0,16,3,7,1,254,62,36,37,40,79,556,14,146,272,106,18,810,76,182,309,146,97
"743","140910718",1,707,415,12,98,178,91,36,22,0,11,5,6,0,270,35,47,23,48,117,437,12,109,183,97,36,707,47,156,206,145,153
"744","140910722",1,833,495,14,136,227,94,24,54,1,29,19,3,2,284,63,68,48,42,63,549,15,165,246,97,26,833,78,233,294,139,89
"745","140211701",1,549,409,6,65,297,35,6,14,0,6,8,0,0,126,45,21,36,8,16,423,6,71,305,35,6,549,51,92,341,43,22
"746","140910723",1,650,372,12,110,171,64,15,37,3,12,16,6,0,241,63,53,44,32,49,409,15,122,187,70,15,650,78,175,231,102,64
"747","141400205",1,92,68,9,22,24,9,4,1,0,0,0,1,0,23,3,8,5,2,5,69,9,22,24,10,4,92,12,30,29,12,9
"748","140770101",1,28,11,2,0,5,3,1,0,0,0,0,0,0,17,2,1,3,8,3,11,2,0,5,3,1,28,4,1,8,11,4
"749","140211702",1,470,402,7,50,310,28,7,14,0,6,6,2,0,54,18,7,22,4,3,416,7,56,316,30,7,470,25,63,338,34,10
"750","140910603",1,54,36,0,9,16,11,0,1,0,1,0,0,0,17,3,4,3,3,4,37,0,10,16,11,0,54,3,14,19,14,4
"751","140210605",1,250,168,6,50,72,32,8,19,5,7,6,1,0,63,23,19,10,5,6,187,11,57,78,33,8,250,34,76,88,38,14
"752","140211703",1,477,379,17,51,277,27,7,11,0,3,4,0,4,87,20,9,23,13,22,390,17,54,281,27,11,477,37,63,304,40,33
"753","140211704",1,525,388,12,51,276,43,6,19,0,7,11,1,0,118,38,22,30,12,16,407,12,58,287,44,6,525,50,80,317,56,22
"754","140211707",1,762,525,9,50,379,76,11,15,1,6,7,1,0,222,81,46,44,21,30,540,10,56,386,77,11,762,91,102,430,98,41
"755","140210704",1,529,292,11,86,129,53,13,16,2,8,4,2,0,221,62,44,44,36,35,308,13,94,133,55,13,529,75,138,177,91,48
"756","140211705",1,454,316,7,66,201,33,9,5,0,2,2,1,0,133,37,19,30,17,30,321,7,68,203,34,9,454,44,87,233,51,39
"757","140770201",1,140,41,1,15,18,6,1,1,0,0,0,1,0,98,6,14,29,28,21,42,1,15,18,7,1,140,7,29,47,35,22
"758","141400211",1,397,231,7,61,110,39,14,5,0,3,0,1,1,161,21,30,13,18,79,236,7,64,110,40,15,397,28,94,123,58,94
"759","140910608",1,687,403,10,96,185,95,17,28,1,12,10,4,1,256,38,36,35,45,102,431,11,108,195,99,18,687,49,144,230,144,120
"760","140210701",1,174,115,5,43,41,19,7,7,1,2,3,1,0,52,11,11,11,6,13,122,6,45,44,20,7,174,17,56,55,26,20
"761","140910606",1,627,327,9,86,168,51,13,16,1,7,6,2,0,284,50,64,45,41,84,343,10,93,174,53,13,627,60,157,219,94,97
"762","140210702",1,456,296,16,82,129,56,13,12,3,3,3,3,0,148,36,29,29,23,31,308,19,85,132,59,13,456,55,114,161,82,44
"763","140211708",1,1073,763,11,115,488,123,26,13,0,5,7,1,0,297,92,72,54,40,39,776,11,120,495,124,26,1073,103,192,549,164,65
"764","140770202",1,208,82,2,16,41,14,9,7,0,1,4,1,1,119,14,11,20,28,46,89,2,17,45,15,10,208,16,28,65,43,56
"765","140210410",1,723,439,29,138,171,83,18,21,1,9,8,3,0,263,48,56,61,42,56,460,30,147,179,86,18,723,78,203,240,128,74
"766","140910607",1,719,418,21,77,229,68,23,45,3,18,16,6,2,256,57,43,41,41,74,463,24,95,245,74,25,719,81,138,286,115,99
"767","140770203",1,392,198,6,51,72,47,22,14,1,4,5,3,1,180,19,49,36,29,47,212,7,55,77,50,23,392,26,104,113,79,70
"768","141400212",1,572,357,16,82,155,82,22,2,0,1,1,0,0,213,38,42,26,38,69,359,16,83,156,82,22,572,54,125,182,120,91
"769","140211709",1,1158,785,17,199,416,128,25,24,1,13,8,1,1,349,96,69,71,48,65,809,18,212,424,129,26,1158,114,281,495,177,91
"770","141050605",1,241,164,14,51,69,25,5,4,0,4,0,0,0,73,19,11,25,10,8,168,14,55,69,25,5,241,33,66,94,35,13
"771","140211905",1,571,357,5,56,203,81,12,8,0,7,1,0,0,206,60,52,40,27,27,365,5,63,204,81,12,571,65,115,244,108,39
"772","140910611",1,509,257,5,69,118,53,12,24,1,13,8,2,0,228,49,38,30,34,77,281,6,82,126,55,12,509,55,120,156,89,89
"773","140210716",1,418,253,14,89,103,42,5,12,2,6,3,1,0,153,28,42,30,29,24,265,16,95,106,43,5,418,44,137,136,72,29
"774","140211710",1,810,568,7,100,347,102,12,24,0,11,13,0,0,218,61,54,32,33,38,592,7,111,360,102,12,810,68,165,392,135,50
"775","140910609",1,383,229,3,48,104,54,20,16,1,7,2,2,4,138,16,12,9,33,68,245,4,55,106,56,24,383,20,67,115,89,92
"776","140211901",1,651,444,8,100,228,87,21,18,0,8,6,4,0,189,52,43,26,22,46,462,8,108,234,91,21,651,60,151,260,113,67
"777","140910618",1,357,223,9,65,87,48,14,13,0,6,3,4,0,121,25,22,24,24,26,236,9,71,90,52,14,357,34,93,114,76,40
"778","140910610",1,776,441,9,117,191,101,23,17,2,13,2,0,0,318,54,46,40,59,119,458,11,130,193,101,23,776,65,176,233,160,142
"779","140910612",1,461,272,13,69,126,56,8,23,2,8,10,2,1,166,38,25,36,38,29,295,15,77,136,58,9,461,53,102,172,96,38
"780","140210705",1,1036,598,44,213,234,92,15,52,0,28,19,4,1,386,87,99,92,58,50,650,44,241,253,96,16,1036,131,340,345,154,66
"781","140210706",1,821,461,17,159,217,65,3,34,3,15,12,4,0,326,98,77,79,43,29,495,20,174,229,69,3,821,118,251,308,112,32
"782","140211904",1,423,275,3,27,196,44,5,9,1,5,3,0,0,139,56,30,22,18,13,284,4,32,199,44,5,423,60,62,221,62,18
"783","140910613",1,563,320,12,83,150,66,9,37,2,16,11,7,1,206,41,33,34,39,59,357,14,99,161,73,10,563,55,132,195,112,69
"784","140211801",1,533,392,7,101,206,68,10,14,1,5,3,5,0,127,32,20,21,16,38,406,8,106,209,73,10,533,40,126,230,89,48
"785","140211902",1,669,438,15,104,194,96,29,34,2,18,10,4,0,197,39,32,24,34,68,472,17,122,204,100,29,669,56,154,228,134,97
"786","140211903",1,451,307,1,69,151,63,23,8,0,3,3,1,1,136,35,27,12,23,39,315,1,72,154,64,24,451,36,99,166,87,63
"787","140210707",1,845,474,40,144,232,52,6,40,4,15,16,5,0,331,87,77,82,42,43,514,44,159,248,57,6,845,131,236,330,99,49
"788","140910615",1,409,226,7,66,87,57,9,22,1,11,9,1,0,161,31,23,16,34,57,248,8,77,96,58,9,409,39,100,112,92,66
"789","140210708",1,776,423,20,115,223,59,6,29,1,19,7,2,0,324,115,65,98,27,19,452,21,134,230,61,6,776,136,199,328,88,25
"790","140910614",1,455,222,3,54,94,56,15,17,0,9,3,5,0,216,31,22,34,33,96,239,3,63,97,61,15,455,34,85,131,94,111
"791","140911705",1,9,5,0,2,2,1,0,1,0,1,0,0,0,3,0,1,1,1,0,6,0,3,2,1,0,9,0,4,3,2,0
"792","140911703",1,22,11,1,3,5,2,0,0,0,0,0,0,0,11,2,0,4,2,3,11,1,3,5,2,0,22,3,3,9,4,3
"793","140211808",1,747,455,29,190,174,56,6,28,4,8,10,6,0,264,91,64,48,24,37,483,33,198,184,62,6,747,124,262,232,86,43
"794","140211802",1,615,419,21,106,206,76,10,17,3,9,4,1,0,179,59,30,34,18,38,436,24,115,210,77,10,615,83,145,244,95,48
"795","141400102",1,101,87,6,32,28,13,8,0,0,0,0,0,0,14,1,4,5,3,1,87,6,32,28,13,8,101,7,36,33,16,9
"796","140210606",1,51,26,1,12,5,7,1,2,0,1,1,0,0,23,2,5,3,6,7,28,1,13,6,7,1,51,3,18,9,13,8
"797","141401008",1,410,195,6,41,91,44,13,3,0,2,1,0,0,212,32,25,30,37,88,198,6,43,92,44,13,410,38,68,122,81,101
"798","140211803",1,508,333,11,77,161,76,8,27,1,12,10,3,1,148,44,28,17,28,31,360,12,89,171,79,9,508,56,117,188,107,40
"799","140211906",1,515,314,3,86,125,82,18,13,0,6,4,2,1,188,32,32,11,35,78,327,3,92,129,84,19,515,35,124,140,119,97
"800","140211806",1,635,416,23,137,168,74,14,51,6,28,14,3,0,168,47,37,27,23,34,467,29,165,182,77,14,635,76,202,209,100,48
"801","140211809",1,737,431,17,153,198,44,19,61,9,30,19,2,1,245,83,64,56,11,31,492,26,183,217,46,20,737,109,247,273,57,51
"802","140910616",1,402,200,5,58,92,39,6,17,0,6,7,3,1,185,25,17,28,38,77,217,5,64,99,42,7,402,30,81,127,80,84
"803","140910617",1,427,237,4,51,110,61,11,21,1,9,7,3,1,169,27,29,17,36,60,258,5,60,117,64,12,427,32,89,134,100,72
"804","141401009",1,504,307,14,82,114,75,22,7,1,4,2,0,0,190,27,36,33,31,63,314,15,86,116,75,22,504,42,122,149,106,85
"805","140911702",1,7,4,0,3,0,1,0,0,0,0,0,0,0,3,0,2,1,0,0,4,0,3,0,1,0,7,0,5,1,1,0
"806","140211805",1,770,459,14,136,192,92,25,16,2,7,6,1,0,295,41,48,30,64,112,475,16,143,198,93,25,770,57,191,228,157,137
"807","140211804",1,646,405,5,93,192,96,19,15,0,10,4,1,0,226,33,20,18,27,128,420,5,103,196,97,19,646,38,123,214,124,147
"808","140911704",1,2,2,0,0,2,0,0,0,0,0,0,0,0,0,0,0,0,0,0,2,0,0,2,0,0,2,0,0,2,0,0
"809","140211807",1,683,438,23,136,209,58,12,38,6,16,12,3,1,207,77,53,25,23,29,476,29,152,221,61,13,683,106,205,246,84,42
"810","140211907",1,432,269,2,64,131,60,12,13,0,6,3,3,1,150,31,19,18,23,59,282,2,70,134,63,13,432,33,89,152,86,72
"811","140211908",1,421,291,4,61,167,52,7,17,1,8,6,2,0,113,41,33,14,15,10,308,5,69,173,54,7,421,46,102,187,69,17
"812","140211909",1,652,481,16,53,324,63,25,6,0,1,2,3,0,165,60,34,39,17,15,487,16,54,326,66,25,652,76,88,365,83,40
"813","140911706",1,611,357,11,103,155,76,12,26,3,10,8,5,0,228,55,36,38,54,45,383,14,113,163,81,12,611,69,149,201,135,57
"814","141401006",1,336,193,8,43,88,44,10,3,0,2,1,0,0,140,29,32,20,21,38,196,8,45,89,44,10,336,37,77,109,65,48
"815","140211910",1,848,550,9,135,273,112,21,24,1,13,7,2,1,274,65,56,34,45,74,574,10,148,280,114,22,848,75,204,314,159,96
"816","140211812",1,954,610,14,155,265,140,36,33,3,15,11,3,1,311,38,44,41,54,134,643,17,170,276,143,37,954,55,214,317,197,171
"817","141401005",1,118,85,11,23,30,17,4,0,0,0,0,0,0,33,3,5,10,9,6,85,11,23,30,17,4,118,14,28,40,26,10
"818","140210506",1,309,228,4,22,164,30,8,10,0,5,5,0,0,71,27,13,15,9,7,238,4,27,169,30,8,309,31,40,184,39,15
"819","140211810",1,775,491,8,134,232,99,18,45,2,19,16,6,2,239,45,32,33,36,93,536,10,153,248,105,20,775,55,185,281,141,113
"820","140210709",1,666,376,31,121,165,53,6,40,6,18,12,3,1,250,67,81,53,24,25,416,37,139,177,56,7,666,104,220,230,80,32
"821","140211814",1,533,319,8,71,158,55,27,36,0,17,13,4,2,178,21,27,17,32,81,355,8,88,171,59,29,533,29,115,188,91,110
"822","140211813",1,1102,657,17,159,349,108,24,42,5,21,12,3,1,403,104,70,46,69,114,699,22,180,361,111,25,1102,126,250,407,180,139
"823","140210710",1,530,275,18,94,122,35,6,21,4,13,2,2,0,234,64,69,56,26,19,296,22,107,124,37,6,530,86,176,180,63,25
"824","140210711",1,712,399,9,141,161,75,13,32,0,21,7,4,0,281,61,68,58,57,37,431,9,162,168,79,13,712,70,230,226,136,50
"825","140211811",1,554,373,8,82,193,67,23,20,0,10,6,4,0,161,26,34,19,27,55,393,8,92,199,71,23,554,34,126,218,98,78
"826","140211815",1,881,520,6,133,218,138,25,42,2,26,8,3,3,319,62,59,30,57,111,562,8,159,226,141,28,881,70,218,256,198,139
"827","140211912",1,597,414,13,124,191,72,14,16,2,8,3,3,0,167,48,36,21,26,36,430,15,132,194,75,14,597,63,168,215,101,50
"828","141050406",1,151,92,5,34,31,17,5,2,0,1,0,0,1,57,12,13,18,9,5,94,5,35,31,17,6,151,17,48,49,26,11
"829","140770210",1,526,294,10,49,143,78,14,25,3,12,7,3,0,207,45,29,30,42,61,319,13,61,150,81,14,526,58,90,180,123,75
"830","140210712",1,609,332,13,110,142,59,8,20,1,14,4,1,0,257,59,63,54,49,32,352,14,124,146,60,8,609,73,187,200,109,40
"831","140211911",1,745,481,9,138,209,112,13,35,2,18,9,6,0,229,50,55,28,34,62,516,11,156,218,118,13,745,61,211,246,152,75
"832","141050407",1,162,91,9,30,37,10,5,1,0,0,0,0,1,70,15,12,20,11,12,92,9,30,37,10,6,162,24,42,57,21,18
"833","141400206",1,208,138,7,41,45,37,8,5,2,1,2,0,0,65,9,16,17,12,11,143,9,42,47,37,8,208,18,58,64,49,19
"834","140210508",1,531,416,1,34,350,24,7,9,0,4,3,2,0,106,31,13,36,11,15,425,1,38,353,26,7,531,32,51,389,37,22
"835","140211913",1,588,413,11,112,203,80,7,32,2,15,11,4,0,143,52,28,24,12,27,445,13,127,214,84,7,588,65,155,238,96,34
"836","140911715",1,229,130,10,18,64,31,7,7,0,1,5,1,0,92,22,13,18,15,24,137,10,19,69,32,7,229,32,32,87,47,31
"837","140211816",1,886,517,8,150,224,121,14,43,2,28,9,3,1,326,74,51,40,68,93,560,10,178,233,124,15,886,84,229,273,192,108
"838","141400207",1,56,31,2,9,13,7,0,0,0,0,0,0,0,25,5,10,4,1,5,31,2,9,13,7,0,56,7,19,17,8,5
"839","140210507",1,540,404,4,47,295,54,4,3,0,1,2,0,0,133,51,23,34,13,12,407,4,48,297,54,4,540,55,71,331,67,16
"840","140911707",1,406,228,7,49,116,48,8,15,1,6,6,1,1,163,34,25,28,28,48,243,8,55,122,49,9,406,42,80,150,77,57
"841","141401501",1,186,140,12,33,69,21,5,0,0,0,0,0,0,46,12,14,9,7,4,140,12,33,69,21,5,186,24,47,78,28,9
"842","140210713",1,155,91,9,22,39,17,4,5,0,2,2,1,0,59,12,12,10,14,11,96,9,24,41,18,4,155,21,36,51,32,15
"843","140911709",1,497,283,13,64,124,67,15,29,2,13,9,5,0,185,26,30,18,35,76,312,15,77,133,72,15,497,41,107,151,107,91
"844","141050414",1,406,240,10,74,106,42,8,16,3,8,5,0,0,150,42,31,37,13,27,256,13,82,111,42,8,406,55,113,148,55,35
"845","140210714",1,493,254,23,88,93,38,12,28,7,11,7,2,1,211,50,55,55,32,19,282,30,99,100,40,13,493,80,154,155,72,32
"846","140911710",1,355,189,8,34,92,49,6,8,0,5,1,2,0,158,27,20,21,22,68,197,8,39,93,51,6,355,35,59,114,73,74
"847","140210614",1,1076,720,26,220,320,136,18,40,3,19,9,9,0,316,83,69,55,53,56,760,29,239,329,145,18,1076,112,308,384,198,74
"848","140141701",1,1082,755,18,208,345,143,41,50,3,27,12,7,1,277,65,48,36,54,74,805,21,235,357,150,42,1082,86,283,393,204,116
"849","140770211",1,441,252,7,53,111,62,19,15,0,10,3,1,1,174,52,20,26,29,47,267,7,63,114,63,20,441,59,83,140,92,67
"850","140141801",1,1166,770,42,260,320,122,26,49,4,22,18,5,0,347,88,78,88,43,50,819,46,282,338,127,26,1166,134,360,426,170,76
"851","140210609",1,731,471,15,123,217,87,29,23,1,14,7,1,0,237,41,39,25,38,94,494,16,137,224,88,29,731,57,176,249,126,123
"852","140210615",1,1104,706,22,211,358,96,19,41,5,17,11,7,1,357,116,79,59,56,47,747,27,228,369,103,20,1104,143,307,428,159,67
"853","140210715",1,765,421,27,163,171,56,4,27,1,10,14,2,0,317,87,92,63,47,28,448,28,173,185,58,4,765,115,265,248,105,32
"854","140141702",1,885,626,44,161,285,113,23,45,6,18,13,7,1,214,46,46,38,38,46,671,50,179,298,120,24,885,96,225,336,158,70
"855","140910801",1,14,6,0,1,2,3,0,1,0,1,0,0,0,7,0,0,1,3,3,7,0,2,2,3,0,14,0,2,3,6,3
"856","140911708",1,423,248,10,68,84,61,25,19,0,10,5,3,1,156,23,10,13,38,72,267,10,78,89,64,26,423,33,88,102,102,98
"857","141050604",1,312,148,4,38,68,33,5,6,2,1,3,0,0,158,28,39,29,19,43,154,6,39,71,33,5,312,34,78,100,52,48
"858","140141802",1,705,476,21,139,254,51,11,55,11,23,17,2,2,174,66,34,49,15,10,531,32,162,271,53,13,705,98,196,320,68,23
"859","140210616",1,826,578,17,143,316,87,15,35,5,15,11,4,0,213,49,41,36,40,47,613,22,158,327,91,15,826,71,199,363,131,62
"860","140141803",1,738,500,15,151,239,76,19,63,5,38,17,3,0,175,50,37,37,29,22,563,20,189,256,79,19,738,70,226,293,108,41
"861","140140101",1,398,266,36,80,98,38,14,23,2,11,8,1,1,109,33,26,28,12,10,289,38,91,106,39,15,398,71,117,134,51,25
"862","141401007",1,337,229,17,65,97,35,15,2,0,0,2,0,0,106,23,17,19,21,26,231,17,65,99,35,15,337,40,82,118,56,41
"863","141050415",1,632,357,7,113,150,70,17,15,2,7,3,2,1,260,39,64,28,56,73,372,9,120,153,72,18,632,48,184,181,128,91
"864","140140401",1,1163,672,28,212,306,108,18,78,10,37,23,8,0,413,132,82,86,47,66,750,38,249,329,116,18,1163,170,331,415,163,84
"865","140140403",1,282,177,3,50,77,39,8,11,1,6,4,0,0,94,20,19,14,18,23,188,4,56,81,39,8,282,24,75,95,57,31
"866","140140301",1,366,236,11,64,96,48,17,9,0,4,3,1,1,121,30,27,22,18,24,245,11,68,99,49,18,366,41,95,121,67,42
"867","140140302",1,1494,846,38,266,349,164,29,117,14,59,37,6,1,531,159,104,96,75,97,963,52,325,386,170,30,1494,211,429,482,245,127
"868","140140303",1,1139,755,44,222,297,146,46,38,6,17,10,4,1,346,74,58,59,73,82,793,50,239,307,150,47,1139,124,297,366,223,129
"869","140210613",1,727,458,16,122,204,97,19,27,0,17,3,7,0,242,50,44,34,43,71,485,16,139,207,104,19,727,66,183,241,147,90
"870","140140501",1,667,414,14,110,191,71,28,27,0,12,5,9,1,226,57,42,33,33,61,441,14,122,196,80,29,667,71,164,229,113,90
"871","140210608",1,698,423,21,146,165,73,18,20,2,10,4,4,0,255,55,57,48,46,49,443,23,156,169,77,18,698,78,213,217,123,67
"872","140140601",1,597,394,26,103,170,79,16,18,1,11,6,0,0,185,43,29,37,36,40,412,27,114,176,79,16,597,70,143,213,115,56
"873","140141806",1,632,400,20,122,186,58,14,35,3,18,11,3,0,197,72,54,40,14,17,435,23,140,197,61,14,632,95,194,237,75,31
"874","140140602",1,125,67,1,21,30,11,4,8,0,4,2,2,0,50,8,11,11,9,11,75,1,25,32,13,4,125,9,36,43,22,15
"875","140140603",1,168,96,5,28,45,13,5,4,1,2,1,0,0,68,14,8,14,11,21,100,6,30,46,13,5,168,20,38,60,24,26
"876","140141704",1,1070,627,21,200,267,116,23,77,4,45,22,6,0,366,72,79,83,67,65,704,25,245,289,122,23,1070,97,324,372,189,88
"877","141050411",1,59,36,2,8,16,8,2,0,0,0,0,0,0,23,4,1,7,5,6,36,2,8,16,8,2,59,6,9,23,13,8
"878","140210607",1,139,60,1,22,23,13,1,13,1,5,4,3,0,66,14,10,20,12,10,73,2,27,27,16,1,139,16,37,47,28,11
"879","140911713",1,611,360,9,90,162,81,18,18,0,6,10,2,0,233,40,29,33,38,93,378,9,96,172,83,18,611,49,125,205,121,111
"880","140141804",1,663,433,35,140,187,64,7,41,3,21,11,6,0,189,63,50,37,20,19,474,38,161,198,70,7,663,101,211,235,90,26
"881","140140402",1,867,501,13,167,216,91,14,65,5,30,24,5,1,301,74,53,60,45,69,566,18,197,240,96,15,867,92,250,300,141,84
"882","140141805",1,1251,857,59,265,403,111,19,88,5,52,25,5,1,306,110,67,61,33,35,945,64,317,428,116,20,1251,174,384,489,149,55
"883","140210611",1,1093,719,24,226,337,116,16,50,9,20,14,5,2,324,80,79,69,49,47,769,33,246,351,121,18,1093,113,325,420,170,65
"884","140141807",1,676,458,18,142,172,107,19,44,5,26,7,6,0,174,58,31,28,27,30,502,23,168,179,113,19,676,81,199,207,140,49
"885","140141705",1,825,590,20,121,334,105,10,27,1,18,6,2,0,208,74,43,42,24,25,617,21,139,340,107,10,825,95,182,382,131,35
"886","140210612",1,957,626,15,173,280,138,20,25,2,11,11,1,0,306,58,60,52,55,81,651,17,184,291,139,20,957,75,244,343,194,101
"887","140212002",1,495,285,15,96,113,55,6,27,2,17,5,3,0,183,33,50,36,37,27,312,17,113,118,58,6,495,50,163,154,95,33
"888","140141814",1,1012,663,42,204,296,100,21,88,2,42,26,17,1,261,94,46,51,44,26,751,44,246,322,117,22,1012,138,292,373,161,48
"889","140141808",1,1268,863,32,259,379,158,35,55,6,25,18,4,2,350,87,79,70,54,60,918,38,284,397,162,37,1268,125,363,467,216,97
"890","140210610",1,456,297,13,67,137,57,23,27,3,12,7,4,1,132,27,22,22,19,42,324,16,79,144,61,24,456,43,101,166,80,66
"891","140911711",1,374,197,6,36,86,59,10,28,3,10,12,3,0,149,28,20,16,25,60,225,9,46,98,62,10,374,37,66,114,87,70
"892","140212001",1,488,286,15,100,122,42,7,19,2,10,5,2,0,183,44,47,45,21,26,305,17,110,127,44,7,488,61,157,172,65,33
"893","140141703",1,868,551,25,184,220,103,19,78,8,37,25,7,1,239,59,54,40,44,42,629,33,221,245,110,20,868,92,275,285,154,62
"894","140140304",1,987,599,32,191,264,87,25,65,5,35,22,3,0,323,103,78,63,43,36,664,37,226,286,90,25,987,140,304,349,133,61
"895","140911712",1,331,187,5,45,98,36,3,10,0,2,5,3,0,134,16,23,22,40,33,197,5,47,103,39,3,331,21,70,125,79,36
"896","140141710",1,967,694,27,176,308,145,38,28,6,13,7,2,0,245,64,49,36,49,47,722,33,189,315,147,38,967,97,238,351,196,85
"897","140141813",1,892,501,7,152,211,105,26,19,0,11,4,4,0,372,54,55,43,121,99,520,7,163,215,109,26,892,61,218,258,230,125
"898","140141706",1,1204,849,19,188,473,145,24,56,5,28,19,4,0,299,96,54,45,37,67,905,24,216,492,149,24,1204,120,270,537,186,91
"899","140141809",1,951,630,24,175,297,109,25,53,2,28,15,8,0,268,88,58,37,40,45,683,26,203,312,117,25,951,114,261,349,157,70
"900","140212104",1,137,83,0,20,51,11,1,5,1,4,0,0,0,49,11,12,7,6,13,88,1,24,51,11,1,137,12,36,58,17,14
"901","140141709",1,675,448,18,135,188,96,11,33,2,16,11,3,1,194,51,37,33,37,36,481,20,151,199,99,12,675,71,188,232,136,48
"902","140141707",1,696,472,26,164,189,80,13,43,6,21,10,6,0,181,61,37,27,28,28,515,32,185,199,86,13,696,93,222,226,114,41
"903","140911714",1,371,204,2,40,95,48,19,9,0,5,4,0,0,158,21,11,29,42,55,213,2,45,99,48,19,371,23,56,128,90,74
"904","140141708",1,881,590,33,161,274,100,22,62,10,27,19,5,1,229,61,52,35,38,43,652,43,188,293,105,23,881,104,240,328,143,66
"905","140141810",1,524,415,5,105,244,52,9,17,0,9,7,1,0,92,27,14,25,12,14,432,5,114,251,53,9,524,32,128,276,65,23
"906","140210801",1,105,58,1,17,33,5,2,5,1,0,1,2,1,42,6,6,10,8,12,63,2,17,34,7,3,105,8,23,44,15,15
"907","141050504",1,417,210,14,58,82,44,12,7,2,1,4,0,0,200,30,40,43,43,44,217,16,59,86,44,12,417,46,99,129,87,56
"908","140141711",1,962,624,25,179,264,137,19,37,0,22,6,7,2,301,65,54,48,56,78,661,25,201,270,144,21,962,90,255,318,200,99
"909","140141812",1,888,590,27,175,238,111,39,39,1,16,16,5,1,259,79,24,43,34,79,629,28,191,254,116,40,888,107,215,297,150,119
"910","140141815",1,776,498,24,142,219,92,21,51,4,21,22,3,1,227,59,38,39,45,46,549,28,163,241,95,22,776,87,201,280,140,68
"911","140141816",1,1268,808,36,280,350,118,24,114,12,56,32,13,1,346,134,70,61,41,40,922,48,336,382,131,25,1268,182,406,443,172,65
"912","140141817",1,736,457,33,161,198,54,11,43,9,21,11,2,0,236,73,77,50,20,16,500,42,182,209,56,11,736,115,259,259,76,27
"913","140212003",1,867,480,14,135,232,89,10,41,3,27,7,4,0,346,103,72,55,56,60,521,17,162,239,93,10,867,120,234,294,149,70
"914","140141811",1,979,685,35,166,324,130,30,51,4,22,18,5,2,243,60,30,31,37,85,736,39,188,342,135,32,979,99,218,373,172,117
"915","140212101",1,615,454,2,44,362,41,5,10,1,2,7,0,0,151,46,26,36,19,24,464,3,46,369,41,5,615,49,72,405,60,29
"916","140141718",1,944,602,17,170,293,114,8,39,6,15,14,4,0,303,79,67,45,57,55,641,23,185,307,118,8,944,102,252,352,175,63
"917","140142101",1,701,540,13,90,290,119,28,6,1,2,3,0,0,155,58,37,21,16,23,546,14,92,293,119,28,701,72,129,314,135,51
"918","140141712",1,771,499,15,153,185,122,24,38,1,23,6,6,2,234,68,44,35,30,57,537,16,176,191,128,26,771,84,220,226,158,83
"919","140212004",1,671,393,20,133,183,53,4,46,1,24,17,3,1,232,75,49,53,20,35,439,21,157,200,56,5,671,96,206,253,76,40
"920","140770103",1,98,36,1,4,17,8,6,1,0,0,1,0,0,61,9,15,16,7,14,37,1,4,18,8,6,98,10,19,34,15,20
"921","140141902",1,614,404,25,103,170,86,20,20,0,11,8,1,0,190,37,39,32,34,48,424,25,114,178,87,20,614,62,153,210,121,68
"922","140141903",1,764,471,21,158,202,76,14,68,7,33,18,8,2,225,56,40,52,36,41,539,28,191,220,84,16,764,84,231,272,120,57
"923","140141904",1,850,579,35,171,254,99,20,54,6,30,12,6,0,217,65,37,47,34,34,633,41,201,266,105,20,850,106,238,313,139,54
"924","140141905",1,761,470,18,156,206,78,12,33,2,19,8,4,0,258,88,59,65,26,20,503,20,175,214,82,12,761,108,234,279,108,32
"925","140141717",1,1286,838,34,270,338,163,33,79,7,40,22,8,2,369,114,63,57,58,77,917,41,310,360,171,35,1286,155,373,417,229,112
"926","140140404",1,717,433,23,123,207,66,14,27,2,12,13,0,0,257,60,56,48,32,61,460,25,135,220,66,14,717,85,191,268,98,75
"927","140141716",1,1380,835,42,252,382,134,25,75,6,41,23,4,1,470,145,106,88,68,63,910,48,293,405,138,26,1380,193,399,493,206,89
"928","140141719",1,806,561,28,140,244,130,19,36,5,17,9,5,0,209,62,43,18,27,59,597,33,157,253,135,19,806,95,200,271,162,78
"929","140141713",1,1293,846,40,240,365,162,39,93,10,41,29,9,4,354,87,68,52,52,95,939,50,281,394,171,43,1293,137,349,446,223,138
"930","140141818",1,842,518,51,169,225,63,10,52,6,27,18,1,0,272,108,75,59,20,10,570,57,196,243,64,10,842,165,271,302,84,20
"931","140141901",1,1027,656,17,162,302,134,41,48,2,32,10,4,0,323,57,56,29,61,120,704,19,194,312,138,41,1027,76,250,341,199,161
"932","140142001",1,717,481,12,117,263,80,9,51,5,19,17,10,0,185,52,32,24,24,53,532,17,136,280,90,9,717,69,168,304,114,62
"933","140141715",1,1002,647,50,189,272,108,28,52,4,20,20,7,1,303,76,63,54,51,59,699,54,209,292,115,29,1002,130,272,346,166,88
"934","140212006",1,611,323,16,117,146,41,3,37,4,18,7,7,1,251,82,60,58,30,21,360,20,135,153,48,4,611,102,195,211,78,25
"935","140141714",1,740,489,9,152,195,119,14,32,1,15,10,6,0,219,42,45,36,26,70,521,10,167,205,125,14,740,52,212,241,151,84
"936","140141910",1,616,378,16,106,171,68,17,36,4,14,13,5,0,202,45,38,31,43,45,414,20,120,184,73,17,616,65,158,215,116,62
"937","140141907",1,1228,747,43,228,304,142,30,82,5,41,20,15,1,399,87,98,75,58,81,829,48,269,324,157,31,1228,135,367,399,215,112
"938","140141909",1,942,587,28,209,230,99,21,90,14,45,21,9,1,265,89,57,54,31,34,677,42,254,251,108,22,942,131,311,305,139,56
"939","140141908",1,1160,725,48,265,285,113,14,107,14,47,34,9,3,328,117,78,69,31,33,832,62,312,319,122,17,1160,179,390,388,153,50
"940","140770102",1,19,1,0,0,1,0,0,6,0,2,1,3,0,12,0,2,1,2,7,7,0,2,2,3,0,19,0,4,3,5,7
"941","140141906",1,1065,703,73,252,248,112,18,84,5,47,22,10,0,278,105,49,65,27,32,787,78,299,270,122,18,1065,183,348,335,149,50
"942","141190301",1,296,200,11,61,76,37,15,7,1,6,0,0,0,89,13,21,16,17,22,207,12,67,76,37,15,296,25,88,92,54,37
"943","140141720",1,509,350,5,64,166,95,20,31,1,22,5,2,1,128,40,24,14,17,33,381,6,86,171,97,21,509,46,110,185,114,54
"944","140141721",1,1022,623,14,164,288,129,28,47,3,19,14,8,3,352,70,52,48,55,127,670,17,183,302,137,31,1022,87,235,350,192,158
"945","140911905",1,21,11,0,1,7,2,1,1,0,0,1,0,0,9,0,2,0,4,3,12,0,1,8,2,1,21,0,3,8,6,4
"946","140911913",1,494,249,7,48,133,53,8,13,0,5,6,2,0,232,46,48,51,29,58,262,7,53,139,55,8,494,53,101,190,84,66
"947","140911903",1,2,2,0,0,2,0,0,0,0,0,0,0,0,0,0,0,0,0,0,2,0,0,2,0,0,2,0,0,2,0,0
"948","140212005",1,819,524,18,157,272,70,7,52,4,27,19,2,0,243,74,54,56,28,31,576,22,184,291,72,7,819,96,238,347,100,38
"949","140770204",1,566,206,8,66,74,33,25,32,1,6,19,4,2,328,38,71,83,77,59,238,9,72,93,37,27,566,47,143,176,114,86
"950","140910812",1,594,343,22,82,157,63,19,29,2,13,10,4,0,222,57,34,37,43,51,372,24,95,167,67,19,594,81,129,204,110,70
"951","140142002",1,567,400,4,75,221,82,18,11,1,8,2,0,0,156,37,23,17,22,57,411,5,83,223,82,18,567,42,106,240,104,75
"952","140140104",1,584,365,14,117,177,53,4,22,2,12,5,3,0,197,55,41,27,35,39,387,16,129,182,56,4,584,71,170,209,91,43
"953","141050606",1,457,255,5,83,118,45,4,15,0,7,5,3,0,187,41,37,40,30,39,270,5,90,123,48,4,457,46,127,163,78,43
"954","140141914",1,1034,589,29,226,251,76,7,56,10,30,14,2,0,389,144,110,84,27,24,645,39,256,265,78,7,1034,183,366,349,105,31
"955","140212008",1,582,314,6,108,147,46,7,33,3,19,8,3,0,235,43,54,56,35,47,347,9,127,155,49,7,582,52,181,211,84,54
"956","140141913",1,1071,641,35,192,245,139,30,69,3,35,19,10,2,361,73,58,65,74,91,710,38,227,264,149,32,1071,111,285,329,223,123
"957","140911907",1,296,199,6,47,84,50,12,12,0,8,2,2,0,85,19,6,13,24,23,211,6,55,86,52,12,296,25,61,99,76,35
"958","140911901",1,100,61,2,17,34,7,1,3,0,1,2,0,0,36,4,10,11,7,4,64,2,18,36,7,1,100,6,28,47,14,5
"959","140210803",1,1250,663,15,188,313,127,20,36,2,22,12,0,0,551,115,155,114,77,90,699,17,210,325,127,20,1250,132,365,439,204,110
"960","140141911",1,914,629,17,182,272,116,42,30,0,16,9,5,0,255,59,66,26,42,62,659,17,198,281,121,42,914,76,264,307,163,104
"961","140911908",1,514,338,9,73,138,97,21,17,0,9,4,4,0,159,14,23,23,43,56,355,9,82,142,101,21,514,23,105,165,144,77
"962","140212007",1,839,518,30,182,220,67,19,43,8,21,10,4,0,278,97,65,65,31,20,561,38,203,230,71,19,839,135,268,295,102,39
"963","140142006",1,682,431,10,112,208,90,11,33,1,14,11,7,0,218,47,27,20,63,61,464,11,126,219,97,11,682,58,153,239,160,72
"964","140142008",1,606,386,5,94,202,74,11,30,1,11,11,7,0,190,66,44,20,28,32,416,6,105,213,81,11,606,72,149,233,109,43
"965","141050608",1,753,410,13,107,188,82,20,17,2,9,5,1,0,326,49,49,54,54,120,427,15,116,193,83,20,753,64,165,247,137,140
"966","140911906",1,443,266,8,56,140,54,8,7,2,3,2,0,0,170,27,25,32,42,44,273,10,59,142,54,8,443,37,84,174,96,52
"967","140141912",1,691,462,24,195,177,57,9,51,7,26,15,2,1,178,60,42,23,17,36,513,31,221,192,59,10,691,91,263,215,76,46
"968","140142005",1,1010,677,21,203,301,123,29,26,2,13,6,5,0,307,55,56,54,55,87,703,23,216,307,128,29,1010,78,272,361,183,116
"969","140142010",1,715,478,5,136,212,102,23,21,0,15,3,3,0,216,47,34,33,34,68,499,5,151,215,105,23,715,52,185,248,139,91
"970","140142011",1,632,421,9,106,174,102,30,20,0,15,4,1,0,191,30,46,14,37,64,441,9,121,178,103,30,632,39,167,192,140,94
"971","140142102",1,748,508,5,77,343,72,11,6,1,3,2,0,0,234,89,54,51,14,26,514,6,80,345,72,11,748,95,134,396,86,37
"972","140142003",1,679,473,15,107,240,89,22,19,0,9,8,2,0,187,49,34,21,24,59,492,15,116,248,91,22,679,64,150,269,115,81
"973","140140309",1,996,641,38,202,289,97,15,40,1,22,9,8,0,315,109,71,68,29,38,681,39,224,298,105,15,996,148,295,366,134,53
"974","141050607",1,480,263,11,64,130,42,16,17,2,9,6,0,0,200,48,30,28,35,59,280,13,73,136,42,16,480,61,103,164,77,75
"975","140141919",1,584,346,28,125,145,38,10,57,9,28,16,3,1,181,65,53,38,15,10,403,37,153,161,41,11,584,102,206,199,56,21
"976","141050609",1,742,455,13,108,222,86,26,16,0,12,2,2,0,271,52,48,36,57,78,471,13,120,224,88,26,742,65,168,260,145,104
"977","140141915",1,1170,797,12,200,421,127,37,62,3,30,19,9,1,311,108,55,61,53,34,859,15,230,440,136,38,1170,123,285,501,189,72
"978","140142004",1,787,598,6,104,374,90,24,15,1,6,6,1,1,174,70,34,27,15,28,613,7,110,380,91,25,787,77,144,407,106,53
"979","141400612",1,459,282,19,69,114,68,12,15,2,5,4,4,0,162,27,28,34,28,45,297,21,74,118,72,12,459,48,102,152,100,57
"980","140770205",1,118,46,1,11,16,14,4,3,0,1,0,2,0,69,10,9,17,11,22,49,1,12,16,16,4,118,11,21,33,27,26
"981","140140103",1,907,631,17,156,347,97,14,43,3,18,15,7,0,233,64,49,45,28,47,674,20,174,362,104,14,907,84,223,407,132,61
"982","140140102",1,923,571,26,187,224,105,29,37,3,21,6,7,0,315,63,65,67,59,61,608,29,208,230,112,29,923,92,273,297,171,90
"983","140140305",1,841,497,24,180,180,95,18,63,2,35,20,6,0,281,63,47,55,50,66,560,26,215,200,101,18,841,89,262,255,151,84
"984","140212009",1,567,319,5,101,145,56,12,14,1,6,5,1,1,234,69,52,49,35,29,333,6,107,150,57,13,567,75,159,199,92,42
"985","140140406",1,1172,678,40,186,330,103,19,122,13,62,36,11,0,372,110,70,89,53,50,800,53,248,366,114,19,1172,163,318,455,167,69
"986","141050505",1,931,551,19,174,253,93,12,37,0,22,9,5,1,343,101,79,66,44,53,588,19,196,262,98,13,931,120,275,328,142,66
"987","140212011",1,469,302,7,107,110,72,6,39,1,20,9,8,1,128,18,22,23,38,27,341,8,127,119,80,7,469,26,149,142,118,34
"988","140141916",1,998,711,22,176,367,119,27,47,2,23,15,6,1,240,48,40,30,41,81,758,24,199,382,125,28,998,72,239,412,166,109
"989","141050612",1,996,590,20,164,305,88,13,29,2,14,13,0,0,377,82,70,66,61,98,619,22,178,318,88,13,996,104,248,384,149,111
"990","140142301",1,663,428,9,95,188,111,25,18,1,7,7,3,0,217,60,38,21,23,75,446,10,102,195,114,25,663,70,140,216,137,100
"991","140212014",1,1001,620,14,227,236,130,13,56,1,36,10,8,1,325,75,72,49,64,65,676,15,263,246,138,14,1001,90,335,295,202,79
"992","140140405",1,1230,733,49,202,390,83,9,79,11,39,23,5,1,418,150,85,115,39,29,812,60,241,413,88,10,1230,210,326,528,127,39
"993","140212013",1,633,383,6,103,187,74,13,22,3,11,5,3,0,228,34,47,27,43,77,405,9,114,192,77,13,633,43,161,219,120,90
"994","140212010",1,587,330,8,94,154,60,14,25,4,10,8,3,0,232,47,52,55,36,42,355,12,104,162,63,14,587,59,156,217,99,56
"995","140140306",1,664,399,18,117,167,78,19,43,2,17,17,7,0,222,41,53,45,32,51,442,20,134,184,85,19,664,61,187,229,117,70
"996","140140605",1,666,431,22,122,210,68,9,20,1,10,8,1,0,215,34,55,56,31,39,451,23,132,218,69,9,666,57,187,274,100,48
"997","140142007",1,659,472,8,112,241,92,19,23,2,9,8,3,1,164,27,18,20,31,68,495,10,121,249,95,20,659,37,139,269,126,88
"998","140910808",1,333,222,16,60,93,39,14,11,0,7,1,3,0,100,19,12,14,21,34,233,16,67,94,42,14,333,35,79,108,63,48
"999","140142009",1,581,393,7,82,166,98,40,22,2,12,7,1,0,166,43,24,12,35,52,415,9,94,173,99,40,581,52,118,185,134,92
"1000","140140308",1,909,508,11,154,214,111,18,57,8,28,17,4,0,344,74,89,58,48,75,565,19,182,231,115,18,909,93,271,289,163,93
"1001","141050610",1,964,506,19,141,242,89,15,63,2,38,15,6,2,395,80,81,53,71,110,569,21,179,257,95,17,964,101,260,310,166,127
"1002","140212012",1,567,318,2,112,126,61,17,18,0,12,4,2,0,231,35,41,25,45,85,336,2,124,130,63,17,567,37,165,155,108,102
"1003","140140105",1,708,512,6,98,286,85,37,33,1,8,13,7,4,163,20,27,22,41,53,545,7,106,299,92,41,708,27,133,321,133,94
"1004","140140307",1,574,346,15,115,129,72,15,43,6,19,12,4,2,185,27,30,30,36,62,389,21,134,141,76,17,574,48,164,171,112,79
"1005","140142103",1,715,540,16,109,271,125,19,5,2,2,0,1,0,170,60,39,15,26,30,545,18,111,271,126,19,715,78,150,286,152,49
"1006","140212111",1,233,145,3,39,71,26,6,6,2,3,1,0,0,82,17,15,14,22,14,151,5,42,72,26,6,233,22,57,86,48,20
"1007","141050611",1,903,510,17,170,233,68,22,42,2,26,11,3,0,351,85,85,68,44,69,552,19,196,244,71,22,903,104,281,312,115,91
"1008","140142015",1,483,304,5,48,152,82,17,9,0,3,4,2,0,170,45,37,23,28,37,313,5,51,156,84,17,483,50,88,179,112,54
"1009","141050506",1,554,394,1,100,244,45,4,13,0,10,2,1,0,147,44,32,40,16,15,407,1,110,246,46,4,554,45,142,286,62,19
"1010","140142306",1,641,428,1,104,146,128,49,13,0,7,4,2,0,200,26,47,19,24,84,441,1,111,150,130,49,641,27,158,169,154,133
"1011","140140604",1,575,348,25,114,151,47,11,26,1,14,6,5,0,201,53,55,50,17,26,374,26,128,157,52,11,575,79,183,207,69,37
"1012","140140108",1,629,424,8,128,165,86,37,27,1,11,10,5,0,178,32,29,21,27,69,451,9,139,175,91,37,629,41,168,196,118,106
"1013","140142302",1,812,535,5,129,226,131,44,26,1,11,6,8,0,251,51,46,23,41,90,561,6,140,232,139,44,812,57,186,255,180,134
"1014","140140201",1,635,369,30,117,179,36,7,38,5,20,12,1,0,228,56,59,48,21,44,407,35,137,191,37,7,635,91,196,239,58,51
"1015","140142014",1,834,594,20,117,343,94,20,11,1,2,6,1,1,229,67,59,27,30,46,605,21,119,349,95,21,834,88,178,376,125,67
"1016","140142307",1,685,450,6,87,197,132,28,18,1,11,4,2,0,217,48,46,20,27,76,468,7,98,201,134,28,685,55,144,221,161,104
"1017","140142012",1,776,534,17,112,271,114,20,18,1,9,6,2,0,224,61,44,21,32,66,552,18,121,277,116,20,776,79,165,298,148,86
"1018","141050508",1,814,491,18,160,211,94,8,37,2,21,10,3,1,286,63,57,53,43,70,528,20,181,221,97,9,814,83,238,274,140,79
"1019","141400606",1,117,88,7,20,38,19,4,2,0,2,0,0,0,27,4,7,6,3,7,90,7,22,38,19,4,117,11,29,44,22,11
"1020","141050509",1,569,344,11,69,225,38,1,23,3,11,8,1,0,202,67,39,59,22,15,367,14,80,233,39,1,569,81,119,292,61,16
"1021","140140502",1,958,549,36,177,253,71,12,62,6,31,19,6,0,347,123,95,65,25,39,611,42,208,272,77,12,958,165,303,337,102,51
"1022","140212017",1,523,331,12,99,142,61,17,26,4,12,7,2,1,166,27,32,24,30,53,357,16,111,149,63,18,523,43,143,173,93,71
"1023","140140106",1,929,645,20,186,282,115,42,33,0,16,12,4,1,251,57,41,28,43,82,678,20,202,294,119,43,929,77,243,322,162,125
"1024","140142013",1,768,519,16,108,273,106,16,30,1,16,9,4,0,219,61,33,25,41,59,549,17,124,282,110,16,768,78,157,307,151,75
"1025","140140107",1,621,377,8,109,158,85,17,31,2,15,8,4,2,213,35,33,25,47,73,408,10,124,166,89,19,621,45,157,191,136,92
"1026","140910804",1,234,158,7,40,77,22,12,6,0,3,3,0,0,70,19,12,13,10,16,164,7,43,80,22,12,234,26,55,93,32,28
"1027","140141917",1,649,467,8,145,205,85,24,18,2,8,4,4,0,164,38,33,21,28,44,485,10,153,209,89,24,649,48,186,230,117,68
"1028","140140503",1,687,388,27,139,167,49,6,59,6,28,21,3,1,240,78,58,50,32,22,447,33,167,188,52,7,687,111,225,238,84,29
"1029","140141918",1,607,415,7,88,232,68,20,9,0,3,4,2,0,183,40,34,28,34,47,424,7,91,236,70,20,607,47,125,264,104,67
"1030","140140109",1,1118,718,24,230,303,136,25,68,4,31,21,9,3,332,95,68,44,51,74,786,28,261,324,145,28,1118,123,329,368,196,102
"1031","140212016",1,521,327,6,85,146,75,15,13,1,5,6,1,0,181,41,34,22,30,54,340,7,90,152,76,15,521,48,124,174,106,69
"1032","140212112",1,401,232,6,54,123,43,6,22,2,10,6,3,1,147,44,29,25,17,32,254,8,64,129,46,7,401,52,93,154,63,39
"1033","140212015",1,751,456,11,115,203,95,32,18,1,13,3,0,1,277,35,42,22,46,132,474,12,128,206,95,33,751,47,170,228,141,165
"1034","140142305",1,431,308,2,62,119,84,41,10,0,5,2,3,0,113,19,16,9,18,51,318,2,67,121,87,41,431,21,83,130,105,92
"1035","141050507",1,605,370,9,122,154,72,13,18,2,6,6,4,0,217,36,48,44,30,59,388,11,128,160,76,13,605,47,176,204,106,72
"1036","140212018",1,771,447,29,143,181,89,5,27,2,14,7,4,0,297,78,74,70,36,39,474,31,157,188,93,5,771,109,231,258,129,44
"1037","140212110",1,898,524,33,138,274,74,5,48,7,27,8,6,0,326,96,65,88,44,33,572,40,165,282,80,5,898,136,230,370,124,38
"1038","140911914",1,350,205,9,43,87,50,16,16,1,6,8,1,0,129,20,19,20,32,38,221,10,49,95,51,16,350,30,68,115,83,54
"1039","140142104",1,1166,680,7,89,403,157,24,21,0,13,7,1,0,465,188,138,84,28,27,701,7,102,410,158,24,1166,195,240,494,186,51
"1040","141050510",1,760,456,13,160,180,83,20,31,1,19,9,2,0,273,64,54,51,45,59,487,14,179,189,85,20,760,78,233,240,130,79
"1041","140140110",1,615,486,12,98,292,66,18,9,1,5,1,1,1,120,21,31,27,21,20,495,13,103,293,67,19,615,34,134,320,88,39
"1042","140770212",1,127,74,3,25,32,7,7,5,0,3,1,1,0,48,6,7,12,8,15,79,3,28,33,8,7,127,9,35,45,16,22
"1043","140212108",1,556,303,3,81,137,69,13,14,0,4,6,4,0,239,48,35,31,40,85,317,3,85,143,73,13,556,51,120,174,113,98
"1044","140140111",1,503,359,6,84,165,86,18,11,0,9,1,1,0,133,27,31,15,27,33,370,6,93,166,87,18,503,33,124,181,114,51
"1045","141400613",1,308,202,13,67,85,32,5,3,0,1,1,0,1,103,27,14,22,11,29,205,13,68,86,32,6,308,40,82,108,43,35
"1046","140142016",1,984,722,20,147,395,128,32,32,2,16,8,6,0,230,71,47,40,31,41,754,22,163,403,134,32,984,93,210,443,165,73
"1047","140910802",1,160,89,1,21,40,17,10,7,0,4,3,0,0,64,6,7,12,13,26,96,1,25,43,17,10,160,7,32,55,30,36
"1048","141050511",1,543,306,12,83,127,66,18,13,0,10,3,0,0,224,32,46,27,38,81,319,12,93,130,66,18,543,44,139,157,104,99
"1049","140142313",1,1297,865,10,189,441,206,19,35,2,17,9,7,0,397,148,92,45,54,58,900,12,206,450,213,19,1297,160,298,495,267,77
"1050","140212107",1,546,338,8,77,164,76,13,13,1,6,3,3,0,195,22,32,25,49,67,351,9,83,167,79,13,546,31,115,192,128,80
"1051","140142308",1,1023,694,10,177,289,187,31,28,1,17,8,2,0,301,92,83,25,40,61,722,11,194,297,189,31,1023,103,277,322,229,92
"1052","140142204",1,494,379,10,34,293,29,13,4,0,0,2,2,0,111,51,17,25,5,13,383,10,34,295,31,13,494,61,51,320,36,26
"1053","141050514",1,982,575,26,189,238,102,20,52,14,19,14,3,2,355,81,77,76,35,86,627,40,208,252,105,22,982,121,285,328,140,108
"1054","140142201",1,440,365,5,30,287,38,5,5,0,0,5,0,0,70,23,9,18,11,9,370,5,30,292,38,5,440,28,39,310,49,14
"1055","140142303",1,590,392,3,92,167,104,26,19,0,10,6,3,0,179,42,41,12,34,50,411,3,102,173,107,26,590,45,143,185,141,76
"1056","140910805",1,369,204,6,47,92,47,12,13,3,4,3,2,1,152,26,19,23,21,63,217,9,51,95,49,13,369,35,70,118,70,76
"1057","140142309",1,528,393,8,90,132,114,49,3,0,2,1,0,0,132,39,26,13,18,36,396,8,92,133,114,49,528,47,118,146,132,85
"1058","140910807",1,413,248,7,68,107,55,11,14,0,8,4,2,0,151,30,13,26,25,57,262,7,76,111,57,11,413,37,89,137,82,68
"1059","140910811",1,407,237,4,50,110,65,8,22,0,13,6,2,1,148,32,19,17,25,55,259,4,63,116,67,9,407,36,82,133,92,64
"1060","140212105",1,697,411,19,111,189,78,14,24,2,12,8,2,0,262,50,61,45,47,59,435,21,123,197,80,14,697,71,184,242,127,73
"1061","140142105",1,632,381,2,81,131,143,24,7,1,4,2,0,0,244,47,82,38,30,47,388,3,85,133,143,24,632,50,167,171,173,71
"1062","141400614",1,575,374,21,96,142,91,24,11,2,3,5,0,1,190,33,21,21,32,83,385,23,99,147,91,25,575,56,120,168,123,108
"1063","140910806",1,486,275,10,73,127,51,14,14,2,6,3,2,1,197,25,26,31,42,73,289,12,79,130,53,15,486,37,105,161,95,88
"1064","140140310",1,698,423,8,99,199,86,31,25,0,10,13,2,0,250,52,37,34,34,93,448,8,109,212,88,31,698,60,146,246,122,124
"1065","141050513",1,373,213,2,72,76,48,15,9,2,4,0,2,1,151,26,36,21,25,43,222,4,76,76,50,16,373,30,112,97,75,59
"1066","140212103",1,506,321,20,75,150,66,10,26,0,13,10,2,1,159,50,33,36,18,22,347,20,88,160,68,11,506,70,121,196,86,33
"1067","140212106",1,774,458,13,144,192,81,28,29,4,12,9,3,1,287,50,36,41,62,98,487,17,156,201,84,29,774,67,192,242,146,127
"1068","140142304",1,437,294,2,71,110,84,27,10,0,3,5,1,1,133,23,21,7,21,61,304,2,74,115,85,28,437,25,95,122,106,89
"1069","140212109",1,559,327,7,98,139,65,18,14,0,4,6,3,1,218,42,36,36,52,52,341,7,102,145,68,19,559,49,138,181,120,71
"1070","140140411",1,1151,709,21,216,305,146,21,67,9,26,21,11,0,375,91,67,85,83,49,776,30,242,326,157,21,1151,121,309,411,240,70
"1071","141050512",1,562,326,8,92,168,49,9,19,1,8,8,2,0,217,36,55,60,28,38,345,9,100,176,51,9,562,45,155,236,79,47
"1072","140212116",1,806,502,7,172,212,101,10,37,2,21,9,4,1,267,70,53,52,44,48,539,9,193,221,105,11,806,79,246,273,149,59
"1073","140140407",1,785,502,11,132,200,127,32,32,1,18,6,7,0,251,64,39,33,40,75,534,12,150,206,134,32,785,76,189,239,174,107
"1074","140140112",1,688,527,6,96,342,60,23,20,1,6,9,2,2,141,39,22,23,20,37,547,7,102,351,62,25,688,46,124,374,82,62
"1075","140140311",1,673,405,7,85,171,106,36,20,2,13,4,1,0,248,35,32,24,40,117,425,9,98,175,107,36,673,44,130,199,147,153
"1076","140212102",1,510,330,19,89,160,53,9,31,2,9,14,6,0,149,40,41,30,16,22,361,21,98,174,59,9,510,61,139,204,75,31
"1077","141050603",1,138,70,4,7,24,27,8,2,0,0,1,1,0,66,11,14,14,9,18,72,4,7,25,28,8,138,15,21,39,37,26
"1078","141400103",1,284,183,11,53,69,30,20,5,0,2,1,2,0,96,17,11,26,21,21,188,11,55,70,32,20,284,28,66,96,53,41
"1079","140142401",1,911,615,9,141,276,156,33,26,0,12,9,5,0,270,52,65,24,37,92,641,9,153,285,161,33,911,61,218,309,198,125
"1080","140140408",1,1213,761,18,206,326,180,31,51,1,26,16,6,2,401,84,64,54,67,132,812,19,232,342,186,33,1213,103,296,396,253,165
"1081","140910809",1,501,287,6,63,122,85,11,13,0,6,4,3,0,201,31,30,31,44,65,300,6,69,126,88,11,501,37,99,157,132,76
"1082","140142310",1,665,427,7,93,183,113,31,16,0,9,5,0,2,222,35,35,20,32,100,443,7,102,188,113,33,665,42,137,208,145,133
"1083","140142312",1,734,483,4,125,190,140,24,20,1,13,4,2,0,231,54,65,16,28,68,503,5,138,194,142,24,734,59,203,210,170,92
"1084","140140409",1,811,546,17,179,234,96,20,47,3,27,13,4,0,218,43,46,29,56,44,593,20,206,247,100,20,811,63,252,276,156,64
"1085","140140313",1,1130,688,26,188,290,148,36,73,2,33,24,13,1,369,57,49,51,84,128,761,28,221,314,161,37,1130,85,270,365,245,165
"1086","141470101",1,61,32,0,4,23,5,0,5,0,2,3,0,0,24,4,6,4,6,4,37,0,6,26,5,0,61,4,12,30,11,4
"1087","140212117",1,427,274,13,67,117,60,17,5,0,2,2,1,0,148,25,21,19,20,63,279,13,69,119,61,17,427,38,90,138,81,80
"1088","140140410",1,1105,678,17,250,257,134,20,76,7,36,24,8,1,351,87,72,54,64,74,754,24,286,281,142,21,1105,111,358,335,206,95
"1089","140140504",1,1059,640,51,200,313,68,8,80,8,31,35,5,1,339,124,79,72,34,30,720,59,231,348,73,9,1059,183,310,420,107,39
"1090","140140312",1,973,546,4,137,265,115,25,57,2,32,15,8,0,370,63,41,39,61,166,603,6,169,280,123,25,973,69,210,319,184,191
"1091","140212115",1,516,325,11,96,135,62,21,14,1,7,4,2,0,177,33,30,24,41,49,339,12,103,139,64,21,516,45,133,163,105,70
"1092","140210802",1,455,275,18,95,118,38,6,9,0,5,3,0,1,171,26,41,44,28,32,284,18,100,121,38,7,455,44,141,165,66,39
"1093","140212114",1,572,348,14,105,156,66,7,23,0,13,10,0,0,201,51,32,39,42,37,371,14,118,166,66,7,572,65,150,205,108,44
"1094","140212113",1,780,445,12,119,210,89,15,52,2,28,14,7,1,283,83,45,43,50,62,497,14,147,224,96,16,780,97,192,267,146,78
"1095","140140113",1,919,656,27,173,272,148,36,41,1,19,17,4,0,222,47,21,26,65,63,697,28,192,289,152,36,919,75,213,315,217,99
"1096","140911909",1,507,315,9,76,139,72,19,29,2,16,6,4,1,163,29,23,41,35,35,344,11,92,145,76,20,507,40,115,186,111,55
"1097","140140203",1,774,648,13,120,445,67,3,23,0,11,10,2,0,103,33,12,23,15,20,671,13,131,455,69,3,774,46,143,478,84,23
"1098","140143001",1,677,382,7,102,171,86,16,20,0,9,8,3,0,275,36,46,35,48,110,402,7,111,179,89,16,677,43,157,214,137,126
"1099","140143002",1,1097,692,30,198,289,144,31,52,3,24,13,10,2,353,68,65,57,64,99,744,33,222,302,154,33,1097,101,287,359,218,132
"1100","140142402",1,847,511,5,113,221,137,35,21,1,9,6,5,0,315,40,55,27,59,134,532,6,122,227,142,35,847,46,177,254,201,169
"1101","140770206",1,45,22,0,5,10,3,4,0,0,0,0,0,0,23,2,2,4,5,10,22,0,5,10,3,4,45,2,7,14,8,14
"1102","140142314",1,697,473,17,111,213,100,32,27,4,13,7,2,1,197,59,37,21,25,55,500,21,124,220,102,33,697,80,161,241,127,88
"1103","140143004",1,1099,709,43,218,267,156,25,54,1,29,14,9,1,336,83,65,61,59,68,763,44,247,281,165,26,1099,127,312,342,224,94
"1104","140910813",1,784,500,11,131,240,100,18,36,7,15,11,3,0,248,45,50,37,52,64,536,18,146,251,103,18,784,63,196,288,155,82
"1105","140143003",1,771,481,17,145,201,101,17,59,3,34,11,10,1,231,51,40,38,40,62,540,20,179,212,111,18,771,71,219,250,151,80
"1106","140140202",1,938,742,8,99,571,56,8,21,2,12,6,1,0,175,35,29,55,18,38,763,10,111,577,57,8,938,45,140,632,75,46
"1107","140143005",1,706,470,37,168,151,93,21,60,5,36,12,7,0,176,40,29,41,39,27,530,42,204,163,100,21,706,82,233,204,139,48
"1108","140143008",1,897,514,27,173,221,87,6,76,12,35,22,6,1,307,113,71,62,36,25,590,39,208,243,93,7,897,152,279,305,129,32
"1109","140910810",1,570,362,13,100,157,71,21,23,2,11,8,2,0,185,41,26,39,34,45,385,15,111,165,73,21,570,56,137,204,107,66
"1110","140212118",1,1096,625,14,239,238,113,21,59,3,30,17,8,1,412,85,76,67,80,104,684,17,269,255,121,22,1096,102,345,322,201,126
"1111","140140606",1,677,406,16,117,191,58,24,28,1,15,9,2,1,243,44,80,43,25,51,434,17,132,200,60,25,677,61,212,243,85,76
"1112","140140204",1,814,536,7,163,190,155,21,26,0,17,4,5,0,252,50,58,16,57,71,562,7,180,194,160,21,814,57,238,210,217,92
"1113","140140205",1,599,415,5,123,182,97,8,20,0,9,9,1,1,164,43,35,11,42,33,435,5,132,191,98,9,599,48,167,202,140,42
"1114","140143006",1,884,568,17,201,248,96,6,42,2,23,14,2,1,274,56,66,54,57,41,610,19,224,262,98,7,884,75,290,316,155,48
"1115","140142403",1,738,467,4,107,193,125,38,32,1,15,9,5,2,239,29,27,13,43,127,499,5,122,202,130,40,738,34,149,215,173,167
"1116","140143007",1,520,319,12,121,124,60,2,26,1,11,7,7,0,175,34,39,43,35,24,345,13,132,131,67,2,520,47,171,174,102,26
"1117","140142311",1,599,382,2,88,166,98,28,20,0,9,7,4,0,197,43,40,12,22,80,402,2,97,173,102,28,599,45,137,185,124,108
"1118","140142315",1,702,458,6,110,220,100,22,24,0,12,8,4,0,220,38,42,24,32,84,482,6,122,228,104,22,702,44,164,252,136,106
"1119","140142412",1,458,286,5,67,107,81,26,10,0,4,2,4,0,162,21,27,6,22,86,296,5,71,109,85,26,458,26,98,115,107,112
"1120","140142902",1,785,534,25,128,256,109,16,41,3,14,15,8,1,210,83,38,24,32,33,575,28,142,271,117,17,785,111,180,295,149,50
"1121","140142802",1,849,556,12,153,216,139,36,34,2,19,8,5,0,259,47,44,22,43,103,590,14,172,224,144,36,849,61,216,246,187,139
"1122","140142801",1,1047,695,12,152,327,159,45,37,2,16,13,5,1,315,61,62,29,50,113,732,14,168,340,164,46,1047,75,230,369,214,159
"1123","140142804",1,1084,719,19,178,317,163,42,42,1,22,13,5,1,323,52,54,41,57,119,761,20,200,330,168,43,1084,72,254,371,225,162
"1124","140142805",1,951,612,20,167,270,120,35,36,1,13,18,4,0,303,62,48,38,50,105,648,21,180,288,124,35,951,83,228,326,174,140
"1125","140142901",1,909,611,19,174,288,114,16,53,1,33,10,9,0,245,79,48,37,44,37,664,20,207,298,123,16,909,99,255,335,167,53
"1126","140142809",1,817,508,10,136,201,128,33,29,4,9,10,5,1,280,35,41,37,54,113,537,14,145,211,133,34,817,49,186,248,187,147
"1127","140140607",1,1190,707,25,183,379,102,18,55,4,27,19,5,0,428,128,106,80,44,70,762,29,210,398,107,18,1190,157,316,478,151,88
"1128","140143009",1,1130,705,21,212,289,152,31,43,0,12,19,11,1,382,60,73,50,97,102,748,21,224,308,163,32,1130,81,297,358,260,134
"1129","140142203",1,483,406,4,57,308,28,9,10,0,6,3,1,0,67,21,14,21,3,8,416,4,63,311,29,9,483,25,77,332,32,17
"1130","140140206",1,448,299,8,75,153,53,10,19,1,9,6,3,0,130,23,25,15,26,41,318,9,84,159,56,10,448,32,109,174,82,51
"1131","140212119",1,382,323,5,59,234,23,2,10,1,3,5,1,0,49,17,10,16,4,2,333,6,62,239,24,2,382,23,72,255,28,4
"1132","140140210",1,711,468,8,116,173,134,37,19,1,9,6,2,1,224,34,34,17,62,77,487,9,125,179,136,38,711,43,159,196,198,115
"1133","140143102",1,1350,803,47,248,350,122,36,109,7,55,33,12,2,438,113,85,82,75,83,912,54,303,383,134,38,1350,167,388,465,209,121
"1134","140142404",1,1036,688,2,143,352,167,24,27,1,14,10,2,0,321,62,55,31,49,124,715,3,157,362,169,24,1036,65,212,393,218,148
"1135","140140211",1,567,391,7,122,123,120,19,10,1,6,3,0,0,166,19,19,17,46,65,401,8,128,126,120,19,567,27,147,143,166,84
"1136","140911911",1,694,461,17,130,197,93,24,28,0,10,12,6,0,205,34,28,39,45,59,489,17,140,209,99,24,694,51,168,248,144,83
"1137","140911910",1,492,329,11,83,163,51,21,30,1,15,12,2,0,133,36,17,20,26,34,359,12,98,175,53,21,492,48,115,195,79,55
"1138","140140208",1,705,438,6,104,187,97,44,24,0,9,6,8,1,243,20,19,19,45,140,462,6,113,193,105,45,705,26,132,212,150,185
"1139","140142903",1,903,610,27,185,259,126,13,74,2,43,21,8,0,219,75,44,25,42,33,684,29,228,280,134,13,903,104,272,305,176,46
"1140","140140212",1,607,434,10,98,173,116,37,26,0,16,4,5,1,147,21,17,16,32,61,460,10,114,177,121,38,607,31,131,193,153,99
"1141","140142411",1,559,345,1,88,138,84,34,8,0,4,3,1,0,206,27,32,16,34,97,353,1,92,141,85,34,559,28,124,157,119,131
"1142","140140209",1,670,418,8,116,137,128,29,18,1,6,9,0,2,234,30,33,24,59,88,436,9,122,146,128,31,670,39,155,170,187,119
"1143","140143101",1,823,488,24,158,221,76,9,75,6,36,25,5,3,260,83,60,57,32,28,563,30,194,246,81,12,823,113,254,303,113,40
"1144","140142810",1,973,633,21,178,276,129,29,37,5,18,13,1,0,303,75,32,54,41,101,670,26,196,289,130,29,973,101,228,343,171,130
"1145","140770207",1,142,21,2,7,5,6,1,3,0,0,2,1,0,118,10,14,40,22,32,24,2,7,7,7,1,142,12,21,47,29,33
"1146","140142316",1,522,361,5,85,151,89,31,7,0,6,1,0,0,154,31,29,14,24,56,368,5,91,152,89,31,522,36,120,166,113,87
"1147","140911805",1,109,73,1,15,35,19,3,5,0,4,1,0,0,31,5,6,7,4,9,78,1,19,36,19,3,109,6,25,43,23,12
"1148","140142414",1,508,320,2,68,130,89,31,13,0,3,4,6,0,175,33,28,13,21,80,333,2,71,134,95,31,508,35,99,147,116,111
"1149","140143105",1,952,574,28,180,260,94,12,98,6,45,31,15,1,280,83,76,69,26,26,672,34,225,291,109,13,952,117,301,360,135,39
"1150","140142213",1,5,3,0,0,2,1,0,0,0,0,0,0,0,2,0,0,1,0,1,3,0,0,2,1,0,5,0,0,3,1,1
"1151","140212120",1,413,349,3,43,279,21,3,7,0,3,3,1,0,57,22,8,16,6,5,356,3,46,282,22,3,413,25,54,298,28,8
"1152","140142803",1,985,637,15,144,301,132,45,32,0,15,12,4,1,316,55,55,34,47,125,669,15,159,313,136,46,985,70,214,347,183,171
"1153","140143010",1,866,515,21,143,213,116,22,44,3,19,13,7,2,307,41,50,51,61,104,559,24,162,226,123,24,866,65,212,277,184,128
"1154","140143013",1,853,497,14,136,229,99,19,47,2,16,20,6,3,309,60,53,43,39,114,544,16,152,249,105,22,853,76,205,292,144,136
"1155","140143012",1,960,591,21,169,240,141,20,62,4,30,17,9,2,307,49,53,39,71,95,653,25,199,257,150,22,960,74,252,296,221,117
"1156","140140207",1,906,592,6,149,225,167,45,18,0,8,6,2,2,296,38,44,31,60,123,610,6,157,231,169,47,906,44,201,262,229,170
"1157","140142409",1,797,494,2,134,182,139,37,27,1,19,2,5,0,276,45,55,18,57,101,521,3,153,184,144,37,797,48,208,202,201,138
"1158","140142904",1,935,519,20,157,231,91,20,41,1,21,15,4,0,375,88,76,70,48,93,560,21,178,246,95,20,935,109,254,316,143,113
"1159","140142806",1,678,435,19,100,198,93,25,22,1,9,9,2,1,221,27,33,28,40,93,457,20,109,207,95,26,678,47,142,235,135,119
"1160","140143104",1,820,489,16,127,259,78,9,55,4,28,17,6,0,276,94,53,61,37,31,544,20,155,276,84,9,820,114,208,337,121,40
"1161","140143106",1,709,489,34,146,237,66,6,36,4,14,13,5,0,184,72,35,39,17,21,525,38,160,250,71,6,709,110,195,289,88,27
"1162","140143011",1,808,474,12,116,214,115,17,37,1,24,8,3,1,297,59,33,43,59,103,511,13,140,222,118,18,808,72,173,265,177,121
"1163","140144201",1,551,379,0,93,110,123,53,10,0,4,3,2,1,162,27,33,12,20,70,389,0,97,113,125,54,551,27,130,125,145,124
"1164","140142408",1,628,412,5,98,187,103,19,18,1,9,6,1,1,198,35,45,15,46,57,430,6,107,193,104,20,628,41,152,208,150,77
"1165","140140508",1,1112,632,25,188,262,123,34,49,4,21,11,11,2,431,85,74,73,65,134,681,29,209,273,134,36,1112,114,283,346,199,170
"1166","140142811",1,835,533,16,152,233,99,33,40,2,19,11,5,3,262,52,38,39,55,78,573,18,171,244,104,36,835,70,209,283,159,114
"1167","140142202",1,833,596,2,69,426,91,8,12,0,8,4,0,0,225,83,50,33,24,35,608,2,77,430,91,8,833,85,127,463,115,43
"1168","140140213",1,928,584,6,146,229,164,39,44,3,24,9,8,0,300,40,42,26,63,129,628,9,170,238,172,39,928,49,212,264,235,168
"1169","140140506",1,608,396,32,143,148,64,9,36,4,19,8,5,0,176,34,32,33,40,37,432,36,162,156,69,9,608,70,194,189,109,46
"1170","140142501",1,439,308,2,69,133,61,43,1,0,0,0,1,0,130,9,11,2,7,101,309,2,69,133,62,43,439,11,80,135,69,144
"1171","140142410",1,397,248,1,54,105,67,21,6,0,2,2,2,0,143,21,18,11,15,78,254,1,56,107,69,21,397,22,74,118,84,99
"1172","140911902",1,75,49,0,15,21,13,0,3,0,2,0,1,0,23,6,5,3,6,3,52,0,17,21,14,0,75,6,22,24,20,3
"1173","140210804",1,869,473,24,171,190,82,6,31,0,17,9,5,0,365,79,96,73,68,49,504,24,188,199,87,6,869,103,284,272,155,55
"1174","140143107",1,1148,714,28,196,342,126,22,79,3,37,28,11,0,355,94,35,62,60,104,793,31,233,370,137,22,1148,125,268,432,197,126
"1175","140143014",1,939,545,14,143,249,99,40,64,4,27,23,8,2,330,65,47,41,59,118,609,18,170,272,107,42,939,83,217,313,166,160
"1176","140140505",1,1357,799,27,262,295,173,42,134,7,66,40,18,3,424,92,85,60,80,107,933,34,328,335,191,45,1357,126,413,395,271,152
"1177","140142812",1,751,475,10,127,208,118,12,44,3,23,11,6,1,232,72,47,19,35,59,519,13,150,219,124,13,751,85,197,238,159,72
"1178","140140507",1,852,496,32,184,186,82,12,80,11,40,21,7,1,276,77,72,49,49,29,576,43,224,207,89,13,852,120,296,256,138,42
"1179","140142405",1,720,488,10,133,165,130,50,28,0,13,13,1,1,204,24,44,14,34,88,516,10,146,178,131,51,720,34,190,192,165,139
"1180","140143103",1,1238,659,25,174,318,108,34,74,6,31,24,10,3,505,109,66,95,85,150,733,31,205,342,118,37,1238,140,271,437,203,187
"1181","140142413",1,504,339,4,74,137,83,41,14,0,4,4,5,1,151,24,19,9,35,64,353,4,78,141,88,42,504,28,97,150,123,106
"1182","140140215",1,994,650,16,189,274,123,48,39,1,22,10,4,2,305,53,32,21,61,138,689,17,211,284,127,50,994,70,243,305,188,188
"1183","140142905",1,994,544,18,137,254,99,36,31,3,15,9,3,1,419,71,59,57,43,189,575,21,152,263,102,37,994,92,211,320,145,226
"1184","140143112",1,1080,655,17,193,302,120,23,61,4,27,22,6,2,364,86,41,61,57,119,716,21,220,324,126,25,1080,107,261,385,183,144
"1185","140142807",1,594,352,1,82,160,83,26,29,1,14,8,5,1,213,31,34,18,31,99,381,2,96,168,88,27,594,33,130,186,119,126
"1186","140910803",1,14,9,0,2,6,1,0,0,0,0,0,0,0,5,1,1,0,2,1,9,0,2,6,1,0,14,1,3,6,3,1
"1187","140143501",1,718,453,8,121,186,123,15,38,4,14,14,6,0,227,46,39,24,52,66,491,12,135,200,129,15,718,58,174,224,181,81
"1188","140140609",1,908,543,21,201,210,105,6,65,4,34,18,8,1,300,89,68,61,41,41,608,25,235,228,113,7,908,114,303,289,154,48
"1189","140143108",1,897,572,18,176,241,118,19,53,4,30,15,3,1,272,77,42,49,52,52,625,22,206,256,121,20,897,99,248,305,173,72
"1190","140142212",1,824,630,4,148,369,93,16,21,1,10,7,3,0,173,39,42,29,25,38,651,5,158,376,96,16,824,44,200,405,121,54
"1191","140142503",1,214,166,2,46,59,35,24,3,0,0,1,2,0,45,4,13,1,7,20,169,2,46,60,37,24,214,6,59,61,44,44
"1192","140140214",1,925,622,20,179,268,120,35,28,0,15,9,2,2,275,47,34,34,49,111,650,20,194,277,122,37,925,67,228,311,171,148
"1193","140140510",1,1065,658,27,173,295,116,47,68,4,35,19,10,0,339,70,52,50,48,119,726,31,208,314,126,47,1065,101,260,364,174,166
"1194","140142813",1,1186,750,18,285,275,156,16,76,8,42,15,11,0,360,95,84,77,75,29,826,26,327,290,167,16,1186,121,411,367,242,45
"1195","140142502",1,517,360,9,90,145,79,37,7,0,1,4,1,1,150,24,21,26,19,60,367,9,91,149,80,38,517,33,112,175,99,98
"1196","140142906",1,898,506,9,131,202,138,26,61,2,35,14,7,3,331,33,41,30,65,162,567,11,166,216,145,29,898,44,207,246,210,191
"1197","140144202",1,383,235,1,65,64,79,26,9,0,6,0,2,1,139,24,22,5,16,72,244,1,71,64,81,27,383,25,93,69,97,99
"1198","140140610",1,825,533,28,179,207,105,14,43,2,24,9,7,1,249,57,41,50,53,48,576,30,203,216,112,15,825,87,244,266,165,63
"1199","140142808",1,1024,645,9,163,284,133,56,35,1,22,9,3,0,344,65,38,48,70,123,680,10,185,293,136,56,1024,75,223,341,206,179
"1200","140142205",1,366,255,3,36,170,40,6,1,0,1,0,0,0,110,40,29,18,6,17,256,3,37,170,40,6,366,43,66,188,46,23
"1201","140143109",1,1315,786,35,212,309,202,28,47,4,20,19,3,1,482,84,82,87,134,95,833,39,232,328,205,29,1315,123,314,415,339,124
"1202","140143015",1,810,484,15,134,215,88,32,61,1,20,29,7,4,265,51,41,41,33,99,545,16,154,244,95,36,810,67,195,285,128,135
"1203","140143110",1,746,455,30,105,202,85,33,44,1,22,17,4,0,247,40,30,44,49,84,499,31,127,219,89,33,746,71,157,263,138,117
"1204","140142909",1,909,504,14,159,220,95,16,61,3,30,17,10,1,344,68,50,57,56,113,565,17,189,237,105,17,909,85,239,294,161,130
"1205","140142815",1,756,514,10,167,199,124,14,32,3,18,7,3,1,210,50,46,23,47,44,546,13,185,206,127,15,756,63,231,229,174,59
"1206","140142407",1,635,387,1,102,128,118,38,19,1,7,6,4,1,229,17,26,14,42,130,406,2,109,134,122,39,635,19,135,148,164,169
"1207","140142504",1,886,560,7,130,237,147,39,35,0,20,9,3,3,291,53,42,26,57,113,595,7,150,246,150,42,886,60,192,272,207,155
"1208","140144208",1,1030,749,11,216,236,237,49,17,0,13,3,1,0,264,62,62,20,33,87,766,11,229,239,238,49,1030,73,291,259,271,136
"1209","140143502",1,1171,732,29,194,323,141,45,51,4,24,18,5,0,388,64,51,55,59,159,783,33,218,341,146,45,1171,97,269,396,205,204
"1210","140140509",1,739,451,29,115,191,79,37,40,0,27,9,4,0,248,51,27,37,38,95,491,29,142,200,83,37,739,80,169,237,121,132
"1211","140911904",1,36,24,0,8,6,6,4,0,0,0,0,0,0,12,2,3,3,3,1,24,0,8,6,6,4,36,2,11,9,9,5
"1212","140210805",1,865,451,19,137,195,91,9,36,2,21,7,5,1,378,73,107,77,63,58,487,21,158,202,96,10,865,94,265,279,159,68
"1213","140142207",1,504,365,1,42,271,42,9,8,1,3,4,0,0,131,39,30,25,14,23,373,2,45,275,42,9,504,41,75,300,56,32
"1214","140140512",1,911,510,28,134,239,80,29,56,5,28,16,6,1,345,52,66,52,48,127,566,33,162,255,86,30,911,85,228,307,134,157
"1215","140210807",1,1021,570,28,181,241,102,18,75,8,38,20,9,0,376,82,89,74,68,63,645,36,219,261,111,18,1021,118,308,335,179,81
"1216","140140511",1,910,519,14,153,222,98,32,74,6,32,22,11,3,317,62,49,43,67,96,593,20,185,244,109,35,910,82,234,287,176,131
"1217","140911912",1,87,65,0,8,26,25,6,0,0,0,0,0,0,22,2,0,0,6,14,65,0,8,26,25,6,87,2,8,26,31,20
"1218","140142908",1,701,417,6,108,189,84,30,29,0,13,12,3,1,255,30,28,23,42,132,446,6,121,201,87,31,701,36,149,224,129,163
"1219","140143111",1,773,462,17,118,199,87,41,27,3,13,6,4,1,284,39,36,51,52,106,489,20,131,205,91,42,773,59,167,256,143,148
"1220","140142907",1,594,345,8,92,149,81,15,25,0,14,8,3,0,224,29,26,29,36,104,370,8,106,157,84,15,594,37,132,186,120,119
"1221","140143503",1,566,339,9,95,149,68,18,16,1,9,4,1,1,211,30,28,27,36,90,355,10,104,153,69,19,566,40,132,180,105,109
"1222","140142505",1,665,382,9,107,162,79,25,28,1,13,9,3,2,255,49,40,25,43,98,410,10,120,171,82,27,665,59,160,196,125,125
"1223","140143506",1,2086,1201,92,469,443,178,19,105,14,51,32,7,1,780,201,270,165,89,55,1306,106,520,475,185,20,2086,307,790,640,274,75
"1224","140143201",1,641,390,9,107,160,80,34,38,3,21,12,1,1,213,39,33,26,31,84,428,12,128,172,81,35,641,51,161,198,112,119
"1225","140142506",1,840,559,10,149,237,120,43,30,1,15,10,4,0,251,34,33,26,41,117,589,11,164,247,124,43,840,45,197,273,165,160
"1226","140142814",1,1135,695,65,224,279,109,18,115,24,56,27,7,1,325,136,73,67,29,20,810,89,280,306,116,19,1135,225,353,373,145,39
"1227","140143202",1,1136,691,19,175,302,146,49,75,4,41,22,8,0,370,75,48,53,58,136,766,23,216,324,154,49,1136,98,264,377,212,185
"1228","140210808",1,597,325,10,81,203,30,1,30,4,15,9,2,0,242,74,51,78,23,16,355,14,96,212,32,1,597,88,147,290,55,17
"1229","140142910",1,847,562,23,187,196,122,34,35,0,15,7,7,6,250,51,32,25,44,98,597,23,202,203,129,40,847,74,234,228,173,138
"1230","140911807",1,194,132,14,39,54,18,7,5,0,1,3,1,0,57,15,13,12,8,9,137,14,40,57,19,7,194,29,53,69,27,16
"1231","140143505",1,569,375,8,112,152,93,10,27,1,20,4,2,0,167,58,47,14,23,25,402,9,132,156,95,10,569,67,179,170,118,35
"1232","140144203",1,349,208,2,53,55,61,37,10,0,5,3,2,0,131,17,27,3,26,58,218,2,58,58,63,37,349,19,85,61,89,95
"1233","140210806",1,349,173,6,55,83,25,4,10,1,4,5,0,0,166,47,45,50,9,15,183,7,59,88,25,4,349,54,104,138,34,19
"1234","140143203",1,641,403,13,114,150,86,40,48,3,30,9,6,0,190,35,18,26,31,80,451,16,144,159,92,40,641,51,162,185,123,120
"1235","140143212",1,678,401,15,119,162,90,15,37,2,17,9,9,0,240,54,35,28,32,91,438,17,136,171,99,15,678,71,171,199,131,106
"1236","140143116",1,990,602,17,160,260,136,29,38,2,17,17,2,0,350,66,47,49,69,119,640,19,177,277,138,29,990,85,224,326,207,148
"1237","140142601",1,655,389,6,107,182,73,21,21,2,13,3,2,1,245,36,41,46,39,83,410,8,120,185,75,22,655,44,161,231,114,105
"1238","140144207",1,731,438,5,106,182,115,30,30,1,14,9,6,0,263,39,48,18,37,121,468,6,120,191,121,30,731,45,168,209,158,151
"1239","140142816",1,1247,778,47,284,324,106,17,90,6,48,27,6,3,379,150,96,62,35,36,868,53,332,351,112,20,1247,203,428,413,147,56
"1240","140143504",1,1058,636,13,163,274,148,38,63,3,32,18,9,1,359,76,54,35,61,133,699,16,195,292,157,39,1058,92,249,327,218,172
"1241","140142602",1,532,304,6,95,127,61,15,34,1,14,14,3,2,194,32,22,25,28,87,338,7,109,141,64,17,532,39,131,166,92,104
"1242","140911808",1,458,306,14,71,142,63,16,18,1,8,9,0,0,134,32,18,32,22,30,324,15,79,151,63,16,458,47,97,183,85,46
"1243","140142406",1,763,512,4,136,193,115,64,22,0,10,9,3,0,229,26,38,9,42,114,534,4,146,202,118,64,763,30,184,211,160,178
"1244","140142512",1,579,363,4,64,135,114,46,14,0,8,3,2,1,202,23,31,15,30,103,377,4,72,138,116,47,579,27,103,153,146,150
"1245","140142913",1,656,388,12,82,187,66,41,31,1,11,15,2,2,237,30,26,20,35,126,419,13,93,202,68,43,656,43,119,222,103,169
"1246","140142914",1,750,406,7,93,206,83,17,22,0,8,8,4,2,322,53,34,64,49,122,428,7,101,214,87,19,750,60,135,278,136,141
"1247","140143205",1,946,596,31,156,236,132,41,60,5,26,20,8,1,290,59,29,40,72,90,656,36,182,256,140,42,946,95,211,296,212,132
"1248","140140513",1,1021,562,25,182,223,108,24,59,6,22,21,8,2,400,82,97,64,71,86,621,31,204,244,116,26,1021,113,301,308,187,112
"1249","140142911",1,629,376,15,116,161,70,14,49,3,21,19,5,1,204,43,28,25,48,60,425,18,137,180,75,15,629,61,165,205,123,75
"1250","140143507",1,990,592,28,128,253,121,62,51,2,20,20,8,1,347,36,33,58,74,146,643,30,148,273,129,63,990,66,181,331,203,209
"1251","140142701",1,723,420,12,126,152,110,20,57,6,16,14,13,8,246,39,38,27,41,101,477,18,142,166,123,28,723,57,180,193,164,129
"1252","140143204",1,647,344,14,99,145,63,23,30,1,16,10,3,0,273,39,40,33,46,115,374,15,115,155,66,23,647,54,155,188,112,138
"1253","140210810",1,690,375,15,117,170,62,11,36,4,17,8,3,4,279,63,60,64,42,50,411,19,134,178,65,15,690,82,194,242,107,65
"1254","140143115",1,678,392,8,127,160,82,15,32,2,16,6,6,2,254,43,31,38,44,98,424,10,143,166,88,17,678,53,174,204,132,115
"1255","140142511",1,626,428,6,110,197,76,39,11,0,4,5,2,0,187,29,15,21,36,86,439,6,114,202,78,39,626,35,129,223,114,125
"1256","140143208",1,841,562,38,194,200,106,24,54,6,27,16,5,0,225,53,60,39,27,46,616,44,221,216,111,24,841,97,281,255,138,70
"1257","140142507",1,833,548,18,135,240,115,40,34,4,9,14,5,2,251,40,32,30,33,116,582,22,144,254,120,42,833,62,176,284,153,158
"1258","140911804",1,162,103,5,38,44,14,2,6,0,6,0,0,0,53,9,18,11,7,8,109,5,44,44,14,2,162,14,62,55,21,10
"1259","140142702",1,835,500,10,152,219,99,20,69,3,25,29,12,0,266,29,33,31,34,139,569,13,177,248,111,20,835,42,210,279,145,159
"1260","140210809",1,1088,597,23,226,235,99,14,70,4,36,25,4,1,421,95,108,95,62,61,667,27,262,260,103,15,1088,122,370,355,165,76
"1261","140142912",1,808,460,13,145,187,94,21,61,3,29,23,5,1,287,68,51,39,50,79,521,16,174,210,99,22,808,84,225,249,149,101
"1262","140143114",1,745,431,8,122,172,99,30,46,4,17,19,5,1,268,34,37,37,48,112,477,12,139,191,104,31,745,46,176,228,152,143
"1263","140140707",1,620,403,35,141,149,69,9,23,4,11,5,3,0,194,57,50,40,19,28,426,39,152,154,72,9,620,96,202,194,91,37
"1264","140143514",1,1014,632,13,150,276,146,47,36,2,18,10,5,1,346,63,45,54,58,126,668,15,168,286,151,48,1014,78,213,340,209,174
"1265","140144206",1,595,381,4,84,137,124,32,11,2,4,4,1,0,203,38,40,17,26,82,392,6,88,141,125,32,595,44,128,158,151,114
"1266","140142603",1,712,419,18,131,155,93,22,23,0,13,8,2,0,270,50,36,33,57,94,442,18,144,163,95,22,712,68,180,196,152,116
"1267","140140706",1,26,16,1,4,5,5,1,2,1,0,0,1,0,8,0,1,0,2,5,18,2,4,5,6,1,26,2,5,5,8,6
"1268","140142703",1,994,580,13,154,295,95,23,49,4,26,17,2,0,365,84,47,48,51,135,629,17,180,312,97,23,994,101,227,360,148,158
"1269","140143113",1,746,486,9,137,222,89,29,35,1,16,15,2,1,225,39,31,32,34,89,521,10,153,237,91,30,746,49,184,269,125,119
"1270","140142510",1,539,325,0,86,148,71,20,22,0,12,9,1,0,192,20,23,16,33,100,347,0,98,157,72,20,539,20,121,173,105,120
"1271","140140514",1,1057,592,29,238,196,121,8,106,8,63,22,13,0,359,78,99,69,58,55,698,37,301,218,134,8,1057,115,400,287,192,63
"1272","140142604",1,419,268,6,87,95,75,5,13,2,5,1,5,0,138,15,23,18,19,63,281,8,92,96,80,5,419,23,115,114,99,68
"1273","140140608",1,425,287,21,85,140,38,3,34,4,18,11,1,0,104,50,18,23,6,7,321,25,103,151,39,3,425,75,121,174,45,10
"1274","140143206",1,862,532,18,156,216,123,19,56,3,24,25,3,1,274,47,37,35,44,111,588,21,180,241,126,20,862,68,217,276,170,131
"1275","140144215",1,552,384,7,110,140,111,16,16,0,11,2,3,0,152,25,40,8,25,54,400,7,121,142,114,16,552,32,161,150,139,70
"1276","140911806",1,251,161,2,32,76,41,10,15,0,3,8,3,1,75,11,10,11,16,27,176,2,35,84,44,11,251,13,45,95,60,38
"1277","140144204",1,476,276,2,68,94,79,33,15,0,9,3,2,1,185,31,33,14,18,89,291,2,77,97,81,34,476,33,110,111,99,123
"1278","140143207",1,1000,610,14,181,235,129,51,45,2,21,14,6,2,345,51,44,50,54,146,655,16,202,249,135,53,1000,67,246,299,189,199
"1279","140144218",1,833,584,22,195,200,141,26,52,8,35,4,3,2,197,64,53,22,23,35,636,30,230,204,144,28,833,94,283,226,167,63
"1280","140143513",1,756,445,10,105,196,83,51,27,0,16,6,5,0,284,56,46,47,44,91,472,10,121,202,88,51,756,66,167,249,132,142
"1281","140142915",1,1069,658,20,147,283,147,61,38,3,16,15,3,1,373,62,64,44,47,156,696,23,163,298,150,62,1069,85,227,342,197,218
"1282","140142919",1,636,408,16,131,159,85,17,29,0,17,10,2,0,199,39,37,35,28,60,437,16,148,169,87,17,636,55,185,204,115,77
"1283","140143512",1,809,493,10,149,207,99,28,50,2,25,16,6,1,266,39,41,38,33,115,543,12,174,223,105,29,809,51,215,261,138,144
"1284","140143508",1,847,530,12,156,177,161,24,44,2,16,16,8,2,273,72,56,33,48,64,574,14,172,193,169,26,847,86,228,226,217,90
"1285","140142918",1,636,389,28,131,161,60,9,30,3,16,9,2,0,217,52,55,34,28,48,419,31,147,170,62,9,636,83,202,204,90,57
"1286","140143601",1,623,379,6,89,175,84,25,16,2,9,3,1,1,228,29,31,19,33,116,395,8,98,178,85,26,623,37,129,197,118,142
"1287","140142508",1,444,283,3,80,130,50,20,19,1,11,4,3,0,142,22,24,17,24,55,302,4,91,134,53,20,444,26,115,151,77,75
"1288","140143209",1,657,378,11,110,171,74,12,31,2,15,9,4,1,248,40,35,41,45,87,409,13,125,180,78,13,657,53,160,221,123,100
"1289","140143509",1,650,355,10,85,150,90,20,39,1,20,16,2,0,256,31,32,33,50,110,394,11,105,166,92,20,650,42,137,199,142,130
"1290","140142514",1,521,328,3,75,147,79,24,13,0,3,7,3,0,180,23,24,20,23,90,341,3,78,154,82,24,521,26,102,174,105,114
"1291","140142917",1,918,563,18,149,229,127,40,42,3,17,15,7,0,313,55,49,29,43,137,605,21,166,244,134,40,918,76,215,273,177,177
"1292","140142605",1,394,260,6,64,104,55,31,16,1,9,4,2,0,118,20,10,12,23,53,276,7,73,108,57,31,394,27,83,120,80,84
"1293","140140515",1,1099,716,16,185,341,157,17,61,4,29,18,9,1,322,107,63,61,42,49,777,20,214,359,166,18,1099,127,277,420,208,67
"1294","140142606",1,629,387,12,78,177,91,29,18,4,6,4,3,1,224,41,27,27,30,99,405,16,84,181,94,30,629,57,111,208,124,129
"1295","140142706",1,664,418,11,113,167,105,22,30,2,16,8,3,1,216,36,35,28,43,74,448,13,129,175,108,23,664,49,164,203,151,97
"1296","140143510",1,589,346,8,95,153,63,27,20,0,6,9,2,3,223,28,20,22,39,114,366,8,101,162,65,30,589,36,121,184,104,144
"1297","140143602",1,624,386,6,85,166,93,36,15,0,10,3,2,0,223,43,38,31,22,89,401,6,95,169,95,36,624,49,133,200,117,125
"1298","140144214",1,815,523,0,135,210,138,40,24,0,17,4,3,0,268,36,47,22,63,100,547,0,152,214,141,40,815,36,199,236,204,140
"1299","140142214",1,665,490,15,99,238,86,52,18,0,9,5,4,0,157,19,20,7,31,80,508,15,108,243,90,52,665,34,128,250,121,132
"1300","140143210",1,1073,678,18,171,304,144,41,30,2,14,13,1,0,365,41,45,42,62,175,708,20,185,317,145,41,1073,61,230,359,207,216
"1301","140142608",1,893,568,10,136,268,122,32,41,1,19,17,3,1,284,42,46,38,47,111,609,11,155,285,125,33,893,53,201,323,172,144
"1302","140144205",1,471,317,4,59,115,108,31,8,2,3,2,1,0,146,21,24,13,20,68,325,6,62,117,109,31,471,27,86,130,129,99
"1303","140144209",1,470,325,1,76,119,78,51,8,0,4,1,3,0,137,18,24,7,16,72,333,1,80,120,81,51,470,19,104,127,97,123
"1304","140142509",1,604,385,8,98,153,89,37,36,4,18,9,5,0,183,24,30,25,37,67,421,12,116,162,94,37,604,36,146,187,131,104
"1305","140142515",1,868,537,9,108,237,128,55,29,1,10,14,4,0,302,36,47,31,37,151,566,10,118,251,132,55,868,46,165,282,169,206
"1306","140142607",1,607,367,5,116,149,85,12,23,1,12,7,2,1,217,33,42,20,29,93,390,6,128,156,87,13,607,39,170,176,116,106
"1307","140142705",1,526,293,5,88,109,74,17,24,0,15,6,3,0,209,36,30,19,33,91,317,5,103,115,77,17,526,41,133,134,110,108
"1308","140143614",1,525,321,4,64,158,67,28,19,2,6,8,1,2,185,37,27,19,34,68,340,6,70,166,68,30,525,43,97,185,102,98
"1309","140143213",1,799,479,13,110,245,95,16,34,1,21,6,5,1,286,67,41,32,58,88,513,14,131,251,100,17,799,81,172,283,158,105
"1310","140142704",1,760,480,16,131,217,71,45,27,0,13,12,2,0,253,56,24,21,35,117,507,16,144,229,73,45,760,72,168,250,108,162
"1311","140142513",1,583,421,8,100,156,101,56,14,0,8,5,1,0,148,20,14,6,23,85,435,8,108,161,102,56,583,28,122,167,125,141
"1312","140142516",1,897,615,9,166,219,178,43,31,0,21,8,2,0,251,39,61,15,52,84,646,9,187,227,180,43,897,48,248,242,232,127
"1313","140143211",1,829,535,22,139,223,115,36,38,1,14,19,4,0,256,57,45,33,48,73,573,23,153,242,119,36,829,80,198,275,167,109
"1314","140143511",1,870,483,18,117,243,84,21,56,3,28,17,3,5,331,59,33,36,42,161,539,21,145,260,87,26,870,80,178,296,129,187
"1315","140143313",1,782,409,9,107,190,91,12,59,3,26,23,4,3,314,56,39,38,47,134,468,12,133,213,95,15,782,68,172,251,142,149
"1316","140144301",1,844,567,16,142,276,108,25,26,0,15,8,1,2,251,55,33,41,51,71,593,16,157,284,109,27,844,71,190,325,160,98
"1317","140142206",1,1051,765,12,144,479,96,34,49,3,23,19,3,1,237,47,30,35,47,78,814,15,167,498,99,35,1051,62,197,533,146,113
"1318","140143312",1,719,462,17,152,184,96,13,36,1,16,12,6,1,221,44,48,31,29,69,498,18,168,196,102,14,719,62,216,227,131,83
"1319","140142211",1,831,516,10,116,243,116,31,43,3,18,13,8,1,272,53,38,32,78,71,559,13,134,256,124,32,831,66,172,288,202,103
"1320","140143603",1,912,573,12,154,252,117,38,43,4,19,13,7,0,296,53,36,50,44,113,616,16,173,265,124,38,912,69,209,315,168,151
"1321","140142609",1,643,435,6,121,160,111,37,27,0,17,7,2,1,181,24,33,21,24,79,462,6,138,167,113,38,643,30,171,188,137,117
"1322","140910901",1,604,413,9,94,204,87,19,23,1,6,10,6,0,168,36,28,26,27,51,436,10,100,214,93,19,604,46,128,240,120,70
"1323","140142517",1,610,364,3,94,155,90,22,32,1,15,11,2,3,214,35,32,21,39,87,396,4,109,166,92,25,610,39,141,187,131,112
"1324","140140705",1,781,503,43,166,230,51,13,52,4,27,18,3,0,226,66,51,60,27,22,555,47,193,248,54,13,781,113,244,308,81,35
"1325","140210811",1,615,355,14,122,143,66,10,51,5,24,14,6,2,209,47,48,40,38,36,406,19,146,157,72,12,615,66,194,197,110,48
"1326","140142610",1,501,310,10,82,132,65,21,16,0,5,5,6,0,175,32,21,12,36,74,326,10,87,137,71,21,501,42,108,149,107,95
"1327","140143613",1,596,364,2,88,161,90,23,12,0,6,5,0,1,220,25,36,15,38,106,376,2,94,166,90,24,596,27,130,181,128,130
"1328","140143310",1,640,390,8,105,163,100,14,23,0,11,9,3,0,227,32,41,30,30,94,413,8,116,172,103,14,640,40,157,202,133,108
"1329","140142916",1,741,482,13,119,213,104,33,18,0,6,10,2,0,241,36,42,28,25,110,500,13,125,223,106,33,741,49,167,251,131,143
"1330","140143606",1,653,380,8,95,159,106,12,32,1,14,10,5,2,241,43,21,35,48,94,412,9,109,169,111,14,653,52,130,204,159,108
"1331","140144213",1,607,392,7,115,131,105,34,21,1,13,2,4,1,194,23,44,14,36,77,413,8,128,133,109,35,607,31,172,147,145,112
"1332","140143607",1,640,405,6,80,197,61,61,20,0,6,10,3,1,215,37,32,22,26,98,425,6,86,207,64,62,640,43,118,229,90,160
"1333","140143309",1,664,409,7,128,157,100,17,27,1,11,10,5,0,228,30,30,35,47,86,436,8,139,167,105,17,664,38,169,202,152,103
"1334","141050613",1,279,145,5,50,59,30,1,11,0,7,4,0,0,123,29,18,25,22,29,156,5,57,63,30,1,279,34,75,88,52,30
"1335","140144216",1,932,595,5,152,193,203,42,28,1,16,5,6,0,309,59,85,33,55,77,623,6,168,198,209,42,932,65,253,231,264,119
"1336","140143401",1,623,367,6,100,167,72,22,32,5,9,12,5,1,224,50,18,31,31,94,399,11,109,179,77,23,623,61,127,210,108,117
"1337","140144210",1,507,347,4,79,142,83,39,14,0,10,3,1,0,146,22,29,11,23,61,361,4,89,145,84,39,507,26,118,156,107,100
"1338","140143308",1,1067,772,21,239,318,174,20,30,1,16,7,6,0,265,73,53,39,49,51,802,22,255,325,180,20,1067,95,308,364,229,71
"1339","140142707",1,727,450,9,123,189,99,30,32,2,15,8,6,1,245,37,27,36,46,99,482,11,138,197,105,31,727,48,165,233,151,130
"1340","140142708",1,796,503,11,131,224,96,41,27,1,13,10,2,1,266,37,33,28,38,130,530,12,144,234,98,42,796,49,177,262,136,172
"1341","140143307",1,926,577,9,155,283,113,17,35,4,18,8,5,0,314,82,80,50,58,44,612,13,173,291,118,17,926,95,253,341,176,61
"1342","140142709",1,544,324,6,90,160,57,11,22,0,11,7,3,1,198,31,29,26,30,82,346,6,101,167,60,12,544,37,130,193,90,94
"1343","140143402",1,813,461,13,139,197,92,20,20,0,12,3,4,1,332,62,70,51,41,108,481,13,151,200,96,21,813,75,221,251,137,129
"1344","140143604",1,801,475,9,105,225,101,35,36,2,15,12,6,1,290,41,38,26,45,140,511,11,120,237,107,36,801,52,158,263,152,176
"1345","140910902",1,399,301,5,55,156,63,22,11,0,5,4,2,0,87,28,7,11,18,23,312,5,60,160,65,22,399,33,67,171,83,45
"1346","140911001",1,544,394,12,80,156,113,33,13,0,4,6,2,1,137,28,36,22,22,29,407,12,84,162,115,34,544,40,120,184,137,63
"1347","140210812",1,606,343,11,93,171,62,6,53,3,29,16,4,1,210,57,33,52,35,33,396,14,122,187,66,7,606,71,155,239,101,40
"1348","140143303",1,785,485,20,105,222,89,49,41,1,19,16,4,1,259,50,36,43,51,79,526,21,124,238,93,50,785,71,160,281,144,129
"1349","140142518",1,797,504,3,94,211,145,51,32,2,17,8,4,1,261,50,55,19,29,108,536,5,111,219,149,52,797,55,166,238,178,160
"1350","140144219",1,853,581,5,132,264,166,14,18,1,10,5,1,1,254,72,73,23,32,54,599,6,142,269,167,15,853,78,215,292,199,69
"1351","140143608",1,680,418,5,88,180,113,32,21,0,12,5,3,1,241,45,29,25,38,104,439,5,100,185,116,33,680,50,129,210,154,137
"1352","140142611",1,999,670,10,179,271,168,42,22,0,9,9,4,0,307,57,69,29,53,99,692,10,188,280,172,42,999,67,257,309,225,141
"1353","140143302",1,618,351,7,94,152,77,21,39,1,15,13,10,0,228,33,32,32,41,90,390,8,109,165,87,21,618,41,141,197,128,111
"1354","140143320",1,570,340,8,89,162,72,9,36,1,18,13,4,0,194,35,21,27,43,68,376,9,107,175,76,9,570,44,128,202,119,77
"1355","140143301",1,751,464,18,122,192,100,32,38,2,17,11,7,1,249,42,34,34,44,95,502,20,139,203,107,33,751,62,173,237,151,128
"1356","140143612",1,610,353,4,84,158,79,28,7,1,2,4,0,0,250,30,34,18,36,132,360,5,86,162,79,28,610,35,120,180,115,160
"1357","140143801",1,931,610,29,152,266,111,52,35,1,15,16,3,0,286,47,44,39,43,113,645,30,167,282,114,52,931,77,211,321,157,165
"1358","140143802",1,849,572,17,161,225,130,39,25,2,12,7,4,0,252,34,39,17,36,126,597,19,173,232,134,39,849,53,212,249,170,165
"1359","140143803",1,831,513,13,122,213,136,29,26,1,12,8,4,1,292,45,47,26,35,139,539,14,134,221,140,30,831,59,181,247,175,169
"1360","140143804",1,746,534,11,134,224,108,57,21,0,13,6,2,0,191,29,30,15,33,84,555,11,147,230,110,57,746,40,177,245,143,141
"1361","140144212",1,707,457,11,117,173,109,47,20,0,12,4,4,0,230,22,29,18,31,130,477,11,129,177,113,47,707,33,158,195,144,177
"1362","140143605",1,820,480,7,125,215,105,28,23,1,15,5,2,0,317,39,33,30,58,157,503,8,140,220,107,28,820,47,173,250,165,185
"1363","140144220",1,876,616,7,137,304,145,23,20,2,14,3,1,0,240,84,68,18,27,43,636,9,151,307,146,23,876,93,219,325,173,66
"1364","140143403",1,647,372,8,87,175,74,28,30,0,16,11,3,0,245,33,31,21,41,119,402,8,103,186,77,28,647,41,134,207,118,147
"1365","140143701",1,1074,684,16,207,276,149,36,48,1,27,14,6,0,342,60,51,46,68,117,732,17,234,290,155,36,1074,77,285,336,223,153
"1366","140140704",1,715,412,28,121,201,53,9,48,3,29,12,3,1,255,85,65,53,23,29,460,31,150,213,56,10,715,116,215,266,79,39
"1367","140142712",1,527,317,7,79,137,68,26,13,1,4,7,1,0,197,25,16,24,39,93,330,8,83,144,69,26,527,33,99,168,108,119
"1368","140142710",1,740,475,7,112,201,129,26,17,0,7,7,2,1,248,50,37,28,43,90,492,7,119,208,131,27,740,57,156,236,174,117
"1369","140144101",1,576,369,4,84,167,81,33,13,0,3,7,3,0,194,45,27,16,30,76,382,4,87,174,84,33,576,49,114,190,114,109
"1370","140143406",1,447,257,6,74,121,45,11,18,0,7,7,4,0,172,20,26,19,34,73,275,6,81,128,49,11,447,26,107,147,83,84
"1371","140143611",1,661,402,8,97,192,85,20,30,2,12,11,5,0,229,46,28,18,35,102,432,10,109,203,90,20,661,56,137,221,125,122
"1372","140144102",1,430,280,4,63,135,51,27,12,1,3,7,0,1,138,23,17,12,12,74,292,5,66,142,51,28,430,28,83,154,63,102
"1373","140143311",1,738,425,9,100,190,104,22,36,0,17,12,6,1,277,43,34,32,53,115,461,9,117,202,110,23,738,52,151,234,163,138
"1374","140144113",1,702,421,1,87,191,107,35,17,0,8,4,5,0,264,30,36,17,36,145,438,1,95,195,112,35,702,31,131,212,148,180
"1375","140144211",1,640,429,3,100,155,121,50,17,0,8,8,1,0,194,36,44,8,23,83,446,3,108,163,122,50,640,39,152,171,145,133
"1376","140144103",1,749,442,2,98,205,111,26,17,0,6,9,1,1,290,44,45,17,50,134,459,2,104,214,112,27,749,46,149,231,162,161
"1377","140143702",1,503,296,12,85,121,67,11,34,2,18,10,4,0,173,29,23,28,26,67,330,14,103,131,71,11,503,43,126,159,97,78
"1378","140142711",1,674,387,6,99,177,79,26,27,1,12,8,6,0,260,44,26,38,32,120,414,7,111,185,85,26,674,51,137,223,117,146
"1379","140142613",1,530,344,11,77,166,70,20,24,1,9,9,4,1,162,35,23,23,23,58,368,12,86,175,74,21,530,47,109,198,97,79
"1380","140143609",1,543,292,4,69,133,72,14,23,0,15,4,3,1,228,31,29,28,29,111,315,4,84,137,75,15,543,35,113,165,104,126
"1381","140143703",1,629,373,14,104,150,77,28,44,1,20,15,7,1,212,39,27,29,41,76,417,15,124,165,84,29,629,54,151,194,125,105
"1382","140142616",1,620,408,9,110,178,89,22,19,1,11,4,3,0,193,24,32,21,31,85,427,10,121,182,92,22,620,34,153,203,123,107
"1383","140143806",1,601,378,1,87,161,105,24,11,0,5,3,3,0,212,34,25,19,30,104,389,1,92,164,108,24,601,35,117,183,138,128
"1384","140143407",1,546,313,12,86,141,61,13,27,1,14,8,4,0,206,31,21,26,34,94,340,13,100,149,65,13,546,44,121,175,99,107
"1385","140142215",1,799,560,8,108,330,90,24,34,2,19,12,1,0,205,52,30,20,31,72,594,10,127,342,91,24,799,62,157,362,122,96
"1386","140142209",1,673,396,7,96,182,88,23,37,0,22,10,4,1,240,34,29,17,45,115,433,7,118,192,92,24,673,41,147,209,137,139
"1387","140142208",1,985,590,13,145,275,112,45,39,1,15,13,9,1,356,54,48,38,65,151,629,14,160,288,121,46,985,68,208,326,186,197
"1388","140144302",1,1218,782,26,224,365,141,26,95,10,45,33,7,0,341,93,59,60,49,80,877,36,269,398,148,26,1218,129,328,458,197,106
"1389","140143405",1,456,290,6,66,134,62,22,22,0,12,7,3,0,144,25,25,19,20,55,312,6,78,141,65,22,456,31,103,160,85,77
"1390","140143704",1,708,438,12,133,185,83,25,40,1,21,12,5,1,230,41,31,29,39,90,478,13,154,197,88,26,708,54,185,226,127,116
"1391","140143404",1,327,205,7,51,92,44,11,15,3,10,1,1,0,107,19,15,15,12,46,220,10,61,93,45,11,327,29,76,108,57,57
"1392","140143705",1,679,379,6,102,167,78,26,36,0,13,19,3,1,264,37,37,43,48,99,415,6,115,186,81,27,679,43,152,229,129,126
"1393","140144104",1,446,282,3,60,149,53,17,21,1,11,6,3,0,143,22,14,10,26,71,303,4,71,155,56,17,446,26,85,165,82,88
"1394","140143808",1,960,624,22,164,274,132,32,61,4,23,25,8,1,275,68,45,28,39,95,685,26,187,299,140,33,960,94,232,327,179,128
"1395","140143807",1,613,360,3,94,183,61,19,11,0,5,6,0,0,242,37,42,17,43,103,371,3,99,189,61,19,613,40,141,206,104,122
"1396","140210813",1,732,447,27,115,225,68,12,44,6,20,12,4,2,241,87,35,58,27,34,491,33,135,237,72,14,732,120,170,295,99,48
"1397","140143805",1,590,348,3,94,151,71,29,23,0,14,4,5,0,219,32,20,20,35,112,371,3,108,155,76,29,590,35,128,175,111,141
"1398","140142614",1,652,431,9,129,171,91,31,45,2,29,10,3,1,176,25,28,20,28,75,476,11,158,181,94,32,652,36,186,201,122,107
"1399","140143314",1,552,355,11,86,162,81,15,13,1,3,4,5,0,184,31,21,26,32,74,368,12,89,166,86,15,552,43,110,192,118,89
"1400","140143610",1,515,304,4,86,122,86,6,33,1,18,8,5,1,178,36,17,18,19,88,337,5,104,130,91,7,515,41,121,148,110,95
"1401","140142612",1,669,415,4,121,173,103,14,38,2,19,11,6,0,216,38,29,18,60,71,453,6,140,184,109,14,669,44,169,202,169,85
"1402","140144217",1,640,433,6,101,166,113,47,23,1,16,2,2,2,184,33,30,13,42,66,456,7,117,168,115,49,640,40,147,181,157,115
"1403","140140703",1,517,295,7,71,129,72,16,22,0,12,5,4,1,200,38,36,28,50,48,317,7,83,134,76,17,517,45,119,162,126,65
"1404","140144112",1,752,516,8,129,203,140,36,17,1,9,5,2,0,219,41,37,16,29,96,533,9,138,208,142,36,752,50,175,224,171,132
"1405","140142615",1,739,484,12,141,201,112,18,34,1,15,11,6,1,221,40,29,18,35,99,518,13,156,212,118,19,739,53,185,230,153,118
"1406","140143706",1,831,436,14,129,160,102,31,44,3,25,12,3,1,351,59,66,58,74,94,480,17,154,172,105,32,831,76,220,230,179,126
"1407","140144303",1,921,588,28,205,233,100,22,60,3,29,18,10,0,273,87,57,49,46,34,648,31,234,251,110,22,921,118,291,300,156,56
"1408","140142216",1,726,431,7,99,227,79,19,29,0,16,10,3,0,266,40,42,28,56,100,460,7,115,237,82,19,726,47,157,265,138,119
"1409","140143410",1,547,362,14,97,137,80,34,25,2,18,5,0,0,160,26,23,23,28,60,387,16,115,142,80,34,547,42,138,165,108,94
"1410","140144106",1,563,362,4,74,186,75,23,21,1,8,7,5,0,180,23,28,18,21,90,383,5,82,193,80,23,563,28,110,211,101,113
"1411","140144110",1,655,421,5,89,185,104,38,17,0,4,7,5,1,217,17,30,7,36,127,438,5,93,192,109,39,655,22,123,199,145,166
"1412","140140708",1,832,484,30,178,200,71,5,53,4,26,18,4,1,295,91,76,90,20,18,537,34,204,218,75,6,832,125,280,308,95,24
"1413","140143319",1,792,486,13,114,224,101,34,29,3,13,9,2,2,277,57,38,58,44,80,515,16,127,233,103,36,792,73,165,291,147,116
"1414","140144114",1,736,514,5,122,220,137,30,21,1,9,6,3,2,201,36,30,14,38,83,535,6,131,226,140,32,736,42,161,240,178,115
"1415","140144105",1,463,282,1,68,126,71,16,11,2,5,1,3,0,170,20,15,11,27,97,293,3,73,127,74,16,463,23,88,138,101,113
"1416","140143812",1,615,380,8,117,156,80,19,26,0,8,11,7,0,209,37,29,16,39,88,406,8,125,167,87,19,615,45,154,183,126,107
"1417","140911002",1,523,341,10,60,166,88,17,18,0,11,7,0,0,164,30,23,16,38,57,359,10,71,173,88,17,523,40,94,189,126,74
"1418","140144004",1,483,306,8,68,150,59,21,26,1,17,7,1,0,151,35,18,15,25,58,332,9,85,157,60,21,483,44,103,172,85,79
"1419","140142210",1,831,462,7,103,233,90,29,74,7,33,20,12,2,295,47,27,22,64,135,536,14,136,253,102,31,831,61,163,275,166,166
"1420","140143318",1,958,655,23,149,333,122,28,34,1,12,18,3,0,269,56,34,49,47,83,689,24,161,351,125,28,958,80,195,400,172,111
"1421","140140710",1,154,83,4,21,35,13,10,10,0,6,3,1,0,61,15,10,11,9,16,93,4,27,38,14,10,154,19,37,49,23,26
"1422","140144003",1,565,373,5,102,150,94,22,14,0,8,3,2,1,178,28,26,21,25,78,387,5,110,153,96,23,565,33,136,174,121,101
"1423","140143409",1,622,391,7,116,172,80,16,26,0,19,5,2,0,205,33,25,29,40,78,417,7,135,177,82,16,622,40,160,206,122,94
"1424","140143317",1,860,515,8,148,230,112,17,40,2,16,17,3,2,305,57,33,39,58,118,555,10,164,247,115,19,860,67,197,286,173,137
"1425","140143304",1,642,336,8,103,131,82,12,50,3,22,16,7,2,256,48,48,42,45,73,386,11,125,147,89,14,642,59,173,189,134,87
"1426","140143411",1,497,326,9,72,147,71,27,18,3,7,5,3,0,153,23,13,18,18,81,344,12,79,152,74,27,497,35,92,170,92,108
"1427","140143315",1,670,412,10,102,186,80,34,25,1,9,6,7,2,233,36,40,31,41,85,437,11,111,192,87,36,670,47,151,223,128,121
"1428","140143809",1,591,397,4,105,171,89,28,21,2,9,7,3,0,173,27,30,19,23,74,418,6,114,178,92,28,591,33,144,197,115,102
"1429","140143810",1,717,510,7,149,216,93,45,22,1,10,9,1,1,185,25,28,16,34,82,532,8,159,225,94,46,717,33,187,241,128,128
"1430","140143811",1,594,412,7,108,164,105,28,19,1,9,6,3,0,163,30,26,14,32,61,431,8,117,170,108,28,594,38,143,184,140,89
"1431","140143901",1,427,276,3,75,108,78,12,15,1,7,5,1,1,136,24,26,26,13,47,291,4,82,113,79,13,427,28,108,139,92,60
"1432","140143707",1,819,489,15,134,209,106,25,44,3,18,15,6,2,286,48,57,32,50,99,533,18,152,224,112,27,819,66,209,256,162,126
"1433","140143711",1,1056,613,12,171,276,122,32,63,4,30,22,7,0,380,66,56,52,65,141,676,16,201,298,129,32,1056,82,257,350,194,173
"1434","140143408",1,577,323,9,97,150,56,11,46,1,16,20,9,0,208,42,26,23,37,80,369,10,113,170,65,11,577,52,139,193,102,91
"1435","140144119",1,549,361,4,73,184,87,13,15,0,8,4,2,1,173,40,51,16,24,42,376,4,81,188,89,14,549,44,132,204,113,56
"1436","140143413",1,575,355,7,90,176,66,16,26,0,15,9,2,0,194,37,16,20,30,91,381,7,105,185,68,16,575,44,121,205,98,107
"1437","140140701",1,1023,612,21,182,247,127,35,47,4,22,16,3,2,364,89,45,49,68,113,659,25,204,263,130,37,1023,114,249,312,198,150
"1438","140143708",1,821,528,17,132,230,106,43,59,3,29,18,8,1,234,45,27,31,37,94,587,20,161,248,114,44,821,65,188,279,151,138
"1439","140144002",1,511,341,2,80,138,99,22,23,1,9,5,4,4,147,24,14,12,26,71,364,3,89,143,103,26,511,27,103,155,129,97
"1440","140144115",1,606,364,2,80,173,81,28,20,0,9,7,3,1,222,33,26,15,20,128,384,2,89,180,84,29,606,35,115,195,104,157
"1441","140143909",1,616,457,9,122,210,88,28,16,1,5,8,2,0,143,34,26,15,19,49,473,10,127,218,90,28,616,44,153,233,109,77
"1442","140144107",1,510,354,8,73,164,82,27,9,0,4,3,2,0,147,23,24,6,24,70,363,8,77,167,84,27,510,31,101,173,108,97
"1443","141401502",1,146,111,5,30,47,23,6,1,0,1,0,0,0,34,9,8,7,6,4,112,5,31,47,23,6,146,14,39,54,29,10
"1444","140144109",1,484,294,7,70,137,61,19,29,3,11,9,4,2,161,18,15,20,21,87,323,10,81,146,65,21,484,28,96,166,86,108
"1445","140144304",1,997,651,37,216,250,121,27,77,4,41,22,9,1,269,83,73,46,35,32,728,41,257,272,130,28,997,124,330,318,165,60
"1446","140143306",1,572,397,27,118,151,80,21,35,1,10,20,4,0,140,20,16,17,28,59,432,28,128,171,84,21,572,48,144,188,112,80
"1447","140143414",1,584,365,12,101,171,62,19,22,0,9,11,1,1,197,30,27,17,35,88,387,12,110,182,63,20,584,42,137,199,98,108
"1448","140144005",1,365,239,4,63,105,52,15,15,1,8,2,3,1,111,18,27,16,12,38,254,5,71,107,55,16,365,23,98,123,67,54
"1449","140144111",1,507,355,3,80,177,81,14,16,2,8,3,2,1,136,18,15,10,24,69,371,5,88,180,83,15,507,23,103,190,107,84
"1450","140144305",1,503,331,15,103,144,49,20,25,1,11,8,5,0,147,45,27,24,18,33,356,16,114,152,54,20,503,61,141,176,72,53
"1451","140145113",1,787,469,14,122,189,104,40,26,4,9,7,4,2,292,37,49,50,62,94,495,18,131,196,108,42,787,55,180,246,170,136
"1452","140143316",1,526,337,13,87,158,59,20,20,0,13,6,1,0,169,32,28,17,18,74,357,13,100,164,60,20,526,45,128,181,78,94
"1453","140143305",1,563,314,10,81,146,58,19,27,1,14,10,2,0,222,39,34,27,46,76,341,11,95,156,60,19,563,50,129,183,106,95
"1454","140143412",1,613,405,12,102,157,105,29,33,2,18,8,5,0,175,33,15,21,28,78,438,14,120,165,110,29,613,47,135,186,138,107
"1455","140140702",1,662,393,7,80,195,90,21,20,0,7,11,2,0,249,42,45,35,50,77,413,7,87,206,92,21,662,49,132,241,142,98
"1456","140143813",1,685,433,8,111,178,107,29,21,0,11,7,2,1,231,33,31,20,39,108,454,8,122,185,109,30,685,41,153,205,148,138
"1457","140144001",1,521,400,6,128,183,61,22,9,0,4,4,1,0,112,18,17,18,25,34,409,6,132,187,62,22,521,24,149,205,87,56
"1458","140143913",1,435,282,13,84,134,42,9,22,2,10,9,1,0,131,22,29,14,16,50,304,15,94,143,43,9,435,37,123,157,59,59
"1459","140143814",1,627,473,14,111,227,78,43,17,0,8,3,3,3,137,20,21,18,19,59,490,14,119,230,81,46,627,34,140,248,100,105
"1460","140144007",1,598,404,10,115,166,95,18,24,2,13,7,2,0,170,30,24,11,28,77,428,12,128,173,97,18,598,42,152,184,125,95
"1461","140143710",1,627,371,4,104,164,81,18,25,3,9,7,5,1,231,42,40,18,41,90,396,7,113,171,86,19,627,49,153,189,127,109
"1462","140145112",1,898,571,16,166,216,134,39,47,3,23,14,5,2,280,47,25,42,42,124,618,19,189,230,139,41,898,66,214,272,181,165
"1463","140911801",1,14,2,0,1,1,0,0,1,0,0,1,0,0,11,0,2,0,3,6,3,0,1,2,0,0,14,0,3,2,3,6
"1464","140144118",1,487,348,0,70,184,68,26,11,0,6,4,0,1,128,13,19,19,24,53,359,0,76,188,68,27,487,13,95,207,92,80
"1465","140144308",1,1046,643,37,216,292,86,12,67,4,35,21,6,1,336,91,82,75,37,51,710,41,251,313,92,13,1046,132,333,388,129,64
"1466","140144306",1,1235,797,32,243,333,144,45,54,3,26,14,9,2,384,90,70,61,70,93,851,35,269,347,153,47,1235,125,339,408,223,140
"1467","140143902",1,801,538,26,133,267,90,22,37,4,20,9,3,1,226,54,40,35,33,64,575,30,153,276,93,23,801,84,193,311,126,87
"1468","140143712",1,644,400,11,107,172,95,15,27,0,19,6,2,0,217,42,23,21,34,97,427,11,126,178,97,15,644,53,149,199,131,112
"1469","140143415",1,545,350,16,94,154,64,22,14,0,7,3,4,0,181,24,22,10,31,94,364,16,101,157,68,22,545,40,123,167,99,116
"1470","140144108",1,382,246,2,49,121,64,10,14,0,6,5,3,0,122,20,20,12,22,48,260,2,55,126,67,10,382,22,75,138,89,58
"1471","140143419",1,518,337,11,94,143,72,17,26,2,14,6,4,0,155,37,19,18,23,58,363,13,108,149,76,17,518,50,127,167,99,75
"1472","140145111",1,654,365,5,99,161,75,25,33,1,20,12,0,0,256,41,31,29,34,121,398,6,119,173,75,25,654,47,150,202,109,146
"1473","140144116",1,505,292,5,53,139,64,31,18,0,9,7,2,0,195,38,32,15,22,88,310,5,62,146,66,31,505,43,94,161,88,119
"1474","140144309",1,1050,701,22,189,318,149,23,30,1,17,11,1,0,319,90,69,64,58,38,731,23,206,329,150,23,1050,113,275,393,208,61
"1475","140143903",1,673,461,4,128,205,90,34,25,0,16,7,1,1,187,17,17,11,32,110,486,4,144,212,91,35,673,21,161,223,123,145
"1476","140143709",1,547,375,18,101,158,71,27,21,2,9,1,5,4,151,21,16,13,34,67,396,20,110,159,76,31,547,41,126,172,110,98
"1477","140145110",1,617,396,16,113,175,73,19,24,0,10,8,4,2,197,41,21,24,37,74,420,16,123,183,77,21,617,57,144,207,114,95
"1478","140144501",1,1069,666,45,184,256,159,22,57,5,30,11,10,1,346,97,70,44,53,82,723,50,214,267,169,23,1069,147,284,311,222,105
"1479","140143713",1,563,331,8,84,159,60,20,29,1,13,11,3,1,203,39,26,15,27,96,360,9,97,170,63,21,563,48,123,185,90,117
"1480","141260103",1,128,46,2,11,26,4,3,3,0,1,2,0,0,79,14,16,20,18,11,49,2,12,28,4,3,128,16,28,48,22,14
"1481","140145109",1,791,513,11,127,216,110,49,20,1,11,8,0,0,258,38,45,37,33,105,533,12,138,224,110,49,791,50,183,261,143,154
"1482","140143418",1,946,577,7,154,271,104,41,55,4,25,17,6,3,314,64,44,34,48,124,632,11,179,288,110,44,946,75,223,322,158,168
"1483","140144117",1,672,434,4,126,170,112,22,37,1,18,12,4,2,201,39,37,21,37,67,471,5,144,182,116,24,672,44,181,203,153,91
"1484","140911004",1,770,518,14,111,262,110,21,25,2,11,8,4,0,227,38,34,28,37,90,543,16,122,270,114,21,770,54,156,298,151,111
"1485","140145108",1,691,403,12,111,161,99,20,22,2,15,3,1,1,266,41,31,43,34,117,425,14,126,164,100,21,691,55,157,207,134,138
"1486","140143416",1,639,390,20,89,161,98,22,24,1,8,12,3,0,225,41,26,25,41,92,414,21,97,173,101,22,639,62,123,198,142,114
"1487","140144006",1,330,217,1,46,117,41,12,5,1,2,2,0,0,108,13,13,5,19,58,222,2,48,119,41,12,330,15,61,124,60,70
"1488","140144307",1,871,536,16,176,231,103,10,55,1,36,14,4,0,280,78,74,35,47,46,591,17,212,245,107,10,871,95,286,280,154,56
"1489","140143816",1,540,343,6,86,170,68,13,13,0,6,5,2,0,184,26,32,16,26,84,356,6,92,175,70,13,540,32,124,191,96,97
"1490","140144310",1,642,386,7,106,159,106,8,23,0,11,7,3,2,233,57,55,28,28,65,409,7,117,166,109,10,642,64,172,194,137,75
"1491","140144603",1,787,513,17,143,189,141,23,51,5,28,7,8,3,223,40,27,27,32,97,564,22,171,196,149,26,787,62,198,223,181,123
"1492","140145107",1,849,512,12,155,216,98,31,31,3,12,8,6,2,306,46,44,35,78,103,543,15,167,224,104,33,849,61,211,259,182,136
"1493","140143714",1,505,314,9,86,130,69,20,26,1,12,9,3,1,165,31,20,22,30,62,340,10,98,139,72,21,505,41,118,161,102,83
"1494","140143815",1,577,381,4,106,164,91,16,15,1,4,9,1,0,181,30,21,11,24,95,396,5,110,173,92,16,577,35,131,184,116,111
"1495","140911003",1,538,337,8,78,171,64,16,17,0,9,7,1,0,184,32,24,25,35,68,354,8,87,178,65,16,538,40,111,203,100,84
"1496","140143417",1,465,270,3,64,131,57,15,21,0,7,11,3,0,174,25,20,31,32,66,291,3,71,142,60,15,465,28,91,173,92,81
"1497","140144604",1,580,378,15,110,148,79,26,25,2,11,8,3,1,177,36,23,22,24,72,403,17,121,156,82,27,580,53,144,178,106,99
"1498","140144602",1,980,633,27,168,265,139,34,35,2,17,13,3,0,312,56,51,41,50,114,668,29,185,278,142,34,980,85,236,319,192,148
"1499","140144008",1,743,494,12,149,219,96,18,40,1,22,10,3,4,209,42,31,25,35,76,534,13,171,229,99,22,743,55,202,254,134,98
"1500","140210814",1,804,437,21,150,195,63,8,81,14,30,30,6,1,286,114,68,58,25,21,518,35,180,225,69,9,804,149,248,283,94,30
"1501","140145106",1,827,513,24,117,220,102,50,24,1,11,8,3,1,290,43,31,36,37,143,537,25,128,228,105,51,827,68,159,264,142,194
"1502","140143716",1,467,288,5,79,127,58,19,25,1,11,10,3,0,154,26,23,14,23,68,313,6,90,137,61,19,467,32,113,151,84,87
"1503","140143904",1,501,352,8,83,159,82,20,6,0,3,2,1,0,143,22,35,14,22,50,358,8,86,161,83,20,501,30,121,175,105,70
"1504","140143721",1,410,256,5,75,103,56,17,16,1,5,3,7,0,138,20,18,14,20,66,272,6,80,106,63,17,410,26,98,120,83,83
"1505","141260104",1,118,31,1,8,17,5,0,3,0,2,1,0,0,84,14,15,15,22,18,34,1,10,18,5,0,118,15,25,33,27,18
"1506","140144606",1,710,461,9,121,220,88,23,32,3,16,9,3,1,217,51,30,29,37,70,493,12,137,229,91,24,710,63,167,258,128,94
"1507","140140801",1,14,8,0,3,3,2,0,1,0,1,0,0,0,5,1,3,0,1,0,9,0,4,3,2,0,14,1,7,3,3,0
"1508","140145114",1,709,417,7,139,161,89,21,37,2,20,12,3,0,255,51,40,46,33,85,454,9,159,173,92,21,709,60,199,219,125,106
"1509","140144311",1,717,521,16,137,235,114,19,25,2,14,6,3,0,171,48,37,20,27,39,546,18,151,241,117,19,717,66,188,261,144,58
"1510","140145105",1,605,379,5,103,172,70,29,24,0,8,7,8,1,202,40,23,21,27,91,403,5,111,179,78,30,605,45,134,200,105,121
"1511","140144010",1,710,474,4,112,227,94,37,33,1,18,9,4,1,203,35,37,29,29,73,507,5,130,236,98,38,710,40,167,265,127,111
"1512","140143908",1,551,380,5,106,166,77,26,14,0,4,5,4,1,157,20,26,10,30,71,394,5,110,171,81,27,551,25,136,181,111,98
"1513","140143717",1,480,347,4,81,145,83,34,10,2,5,2,1,0,123,18,15,19,13,58,357,6,86,147,84,34,480,24,101,166,97,92
"1514","140144502",1,1394,909,41,276,371,166,55,76,9,40,24,3,0,409,87,86,56,65,115,985,50,316,395,169,55,1394,137,402,451,234,170
"1515","140770110",1,304,112,1,26,56,29,0,11,3,5,1,2,0,181,36,33,47,26,39,123,4,31,57,31,0,304,40,64,104,57,39
"1516","141190306",1,752,461,24,154,153,105,25,17,1,8,5,3,0,274,41,36,37,52,108,478,25,162,158,108,25,752,66,198,195,160,133
"1517","140143905",1,440,294,8,80,140,49,17,13,1,7,4,1,0,133,27,15,19,20,52,307,9,87,144,50,17,440,36,102,163,70,69
"1518","140145104",1,694,452,20,107,192,92,41,26,1,13,4,3,5,216,39,34,30,28,85,478,21,120,196,95,46,694,60,154,226,123,131
"1519","140910904",1,834,546,15,134,246,128,23,38,4,17,8,8,1,250,56,44,37,42,71,584,19,151,254,136,24,834,75,195,291,178,95
"1520","141190307",1,658,376,15,102,173,66,20,34,7,14,10,3,0,248,56,44,56,37,55,410,22,116,183,69,20,658,78,160,239,106,75
"1521","140140802",1,563,374,13,115,222,22,2,22,2,15,5,0,0,167,51,53,57,5,1,396,15,130,227,22,2,563,66,183,284,27,3
"1522","140143906",1,534,340,9,84,161,72,14,21,0,14,4,3,0,173,23,30,13,31,76,361,9,98,165,75,14,534,32,128,178,106,90
"1523","140145119",1,965,572,15,176,237,107,37,39,3,24,10,0,2,354,84,66,58,54,92,611,18,200,247,107,39,965,102,266,305,161,131
"1524","140143715",1,493,326,9,75,160,58,24,26,0,13,8,4,1,141,22,23,20,20,56,352,9,88,168,62,25,493,31,111,188,82,81
"1525","140143718",1,368,263,6,55,124,57,21,9,1,6,1,1,0,96,13,17,6,12,48,272,7,61,125,58,21,368,20,78,131,70,69
"1526","140145103",1,465,318,10,77,142,74,15,15,0,7,5,2,1,132,21,16,16,25,54,333,10,84,147,76,16,465,31,100,163,101,70
"1527","140144009",1,490,335,6,92,174,52,11,14,1,6,6,1,0,141,24,11,15,23,68,349,7,98,180,53,11,490,31,109,195,76,79
"1528","140144011",1,548,364,12,103,157,75,17,24,0,21,1,2,0,160,30,20,27,26,57,388,12,124,158,77,17,548,42,144,185,103,74
"1529","140142218",1,1055,668,26,249,256,121,16,50,4,33,9,3,1,337,99,92,61,44,41,718,30,282,265,124,17,1055,129,374,326,168,58
"1530","140144601",1,728,473,22,141,194,92,24,37,5,20,9,3,0,218,58,34,32,34,60,510,27,161,203,95,24,728,85,195,235,129,84
"1531","140142217",1,860,581,25,171,224,130,31,47,4,22,14,6,1,232,54,46,44,47,41,628,29,193,238,136,32,860,83,239,282,183,73
"1532","140144607",1,655,427,15,122,179,93,18,21,3,11,5,2,0,207,41,39,23,40,64,448,18,133,184,95,18,655,59,172,207,135,82
"1533","140143912",1,701,500,1,161,206,104,28,17,0,8,5,4,0,184,33,35,16,20,80,517,1,169,211,108,28,701,34,204,227,128,108
"1534","140145102",1,588,401,10,98,195,65,33,15,0,9,4,2,0,172,35,30,20,22,65,416,10,107,199,67,33,588,45,137,219,89,98
"1535","141190302",1,228,132,13,24,53,28,14,4,0,1,3,0,0,92,13,29,27,11,12,136,13,25,56,28,14,228,26,54,83,39,26
"1536","140144408",1,508,336,5,99,129,82,21,13,1,7,2,1,2,159,30,36,14,23,56,349,6,106,131,83,23,508,36,142,145,106,79
"1537","140143907",1,537,366,16,91,161,80,18,22,0,6,10,5,1,149,26,31,17,24,51,388,16,97,171,85,19,537,42,128,188,109,70
"1538","140144407",1,899,597,10,124,303,135,25,27,1,14,10,2,0,275,50,44,30,50,101,624,11,138,313,137,25,899,61,182,343,187,126
"1539","140144505",1,801,561,14,113,257,140,37,21,1,15,4,1,0,219,56,50,20,38,55,582,15,128,261,141,37,801,71,178,281,179,92
"1540","140144608",1,577,400,7,105,167,85,36,27,1,15,6,5,0,150,31,18,16,33,52,427,8,120,173,90,36,577,39,138,189,123,88
"1541","140145120",1,1385,801,47,259,329,131,35,87,6,45,31,4,1,497,125,129,107,52,84,888,53,304,360,135,36,1385,178,433,467,187,120
"1542","140145115",1,632,392,17,138,142,83,12,60,5,29,11,14,1,180,44,33,24,36,43,452,22,167,153,97,13,632,66,200,177,133,56
"1543","140143910",1,477,367,2,124,167,56,18,13,2,7,1,3,0,97,9,17,14,17,40,380,4,131,168,59,18,477,13,148,182,76,58
"1544","140144504",1,851,566,13,150,258,122,23,21,1,13,5,2,0,264,53,34,31,51,95,587,14,163,263,124,23,851,67,197,294,175,118
"1545","140145101",1,645,418,7,114,182,89,26,34,0,18,7,5,4,193,32,19,12,36,94,452,7,132,189,94,30,645,39,151,201,130,124
"1546","140144605",1,659,403,15,121,142,104,21,34,4,16,8,5,1,222,47,40,27,40,68,437,19,137,150,109,22,659,66,177,177,149,90
"1547","140144401",1,947,774,10,219,443,83,19,19,0,9,9,1,0,154,28,46,23,16,41,793,10,228,452,84,19,947,38,274,475,100,60
"1548","140143719",1,487,295,3,72,121,75,24,20,0,7,6,6,1,172,26,28,17,18,83,315,3,79,127,81,25,487,29,107,144,99,108
"1549","140144701",1,343,218,1,47,108,50,12,13,0,3,7,3,0,112,16,13,10,25,48,231,1,50,115,53,12,343,17,63,125,78,60
"1550","140144614",1,915,580,19,193,234,112,22,62,2,31,14,15,0,273,49,44,24,44,112,642,21,224,248,127,22,915,70,268,272,171,134
"1551","140144402",1,721,445,8,120,187,100,30,42,1,18,17,6,0,234,65,34,30,49,56,487,9,138,204,106,30,721,74,172,234,155,86
"1552","140145117",1,1057,641,21,176,277,122,45,39,1,18,11,7,2,377,83,78,51,56,109,680,22,194,288,129,47,1057,105,272,339,185,156
"1553","140144012",1,555,396,6,133,172,64,21,22,0,18,3,0,1,137,19,20,17,22,59,418,6,151,175,64,22,555,25,171,192,86,81
"1554","140144609",1,840,556,25,159,228,109,35,32,4,19,4,5,0,252,47,38,37,50,80,588,29,178,232,114,35,840,76,216,269,164,115
"1555","140910903",1,327,245,4,61,97,50,33,5,0,1,3,1,0,77,9,8,7,12,41,250,4,62,100,51,33,327,13,70,107,63,74
"1556","140144610",1,856,575,17,216,220,94,28,47,5,20,16,4,2,234,54,40,27,34,79,622,22,236,236,98,30,856,76,276,263,132,109
"1557","140144507",1,838,566,16,151,262,109,28,51,1,24,18,7,1,221,41,46,24,44,66,617,17,175,280,116,29,838,58,221,304,160,95
"1558","140144708",1,727,540,16,149,241,97,37,20,2,5,9,3,1,167,20,35,17,20,75,560,18,154,250,100,38,727,38,189,267,120,113
"1559","140145003",1,497,346,5,84,150,82,25,16,1,6,7,2,0,135,34,20,13,20,48,362,6,90,157,84,25,497,40,110,170,104,73
"1560","140144616",1,796,515,23,148,202,114,28,47,3,20,17,7,0,234,48,26,34,34,92,562,26,168,219,121,28,796,74,194,253,155,120
"1561","140143720",1,462,323,7,83,128,72,33,19,1,5,8,3,2,120,20,11,14,19,56,342,8,88,136,75,35,462,28,99,150,94,91
"1562","140910905",1,881,557,13,157,265,107,15,62,8,23,20,8,3,262,73,40,42,36,71,619,21,180,285,115,18,881,94,220,327,151,89
"1563","140144403",1,816,550,17,154,254,102,23,37,1,19,10,6,1,229,55,22,26,55,71,587,18,173,264,108,24,816,73,195,290,163,95
"1564","140144703",1,684,435,5,118,208,83,21,37,3,18,12,4,0,212,29,35,24,37,87,472,8,136,220,87,21,684,37,171,244,124,108
"1565","140911005",1,553,359,5,64,180,87,23,16,4,9,2,0,1,178,32,31,17,32,66,375,9,73,182,87,24,553,41,104,199,119,90
"1566","140144506",1,626,429,5,115,215,79,15,32,0,19,8,4,1,165,36,24,11,31,63,461,5,134,223,83,16,626,41,158,234,114,79
"1567","140144813",1,519,364,2,107,178,53,24,13,0,5,6,2,0,142,13,34,13,21,61,377,2,112,184,55,24,519,15,146,197,76,85
"1568","140144406",1,1268,855,15,209,419,181,31,46,2,23,16,5,0,367,78,79,52,70,88,901,17,232,435,186,31,1268,95,311,487,256,119
"1569","140144409",1,791,452,19,139,202,82,10,45,1,23,15,4,2,294,81,66,64,34,49,497,20,162,217,86,12,791,101,228,281,120,61
"1570","140144613",1,364,249,7,78,100,47,17,20,1,14,4,1,0,95,14,16,10,12,43,269,8,92,104,48,17,364,22,108,114,60,60
"1571","140143911",1,470,356,1,98,174,63,20,15,0,11,4,0,0,99,11,15,10,21,42,371,1,109,178,63,20,470,12,124,188,84,62
"1572","140911020",1,252,162,2,35,87,33,5,10,0,3,4,3,0,80,13,14,8,13,32,172,2,38,91,36,5,252,15,52,99,49,37
"1573","140144801",1,316,239,0,72,115,33,19,6,0,5,1,0,0,71,14,15,12,7,23,245,0,77,116,33,19,316,14,92,128,40,42
"1574","140144615",1,771,493,14,136,221,98,24,28,2,10,11,4,1,250,49,35,31,38,97,521,16,146,232,102,25,771,65,181,263,140,122
"1575","140911010",1,567,366,4,81,188,74,19,21,2,8,8,3,0,180,41,21,20,20,78,387,6,89,196,77,19,567,47,110,216,97,97
"1576","140145002",1,709,454,11,136,174,101,32,18,0,10,5,2,1,237,42,37,23,31,104,472,11,146,179,103,33,709,53,183,202,134,137
"1577","140144702",1,467,332,4,100,147,66,15,15,0,7,6,2,0,120,12,32,8,15,53,347,4,107,153,68,15,467,16,139,161,83,68
"1578","141470102",1,461,275,7,66,142,47,13,18,2,7,8,1,0,168,31,31,54,23,29,293,9,73,150,48,13,461,40,104,204,71,42
"1579","140911802",1,13,4,0,2,1,1,0,0,0,0,0,0,0,9,1,3,2,1,2,4,0,2,1,1,0,13,1,5,3,2,2
"1580","140144803",1,492,356,2,101,158,67,28,16,1,6,7,1,1,120,8,16,15,20,61,372,3,107,165,68,29,492,11,123,180,88,90
"1581","140145118",1,704,427,10,119,166,105,27,35,0,19,12,3,1,242,52,42,19,36,93,462,10,138,178,108,28,704,62,180,197,144,121
"1582","140144802",1,492,372,6,98,162,80,26,13,0,6,6,0,1,107,12,24,4,12,55,385,6,104,168,80,27,492,18,128,172,92,82
"1583","140146001",1,664,423,7,136,154,97,29,30,5,17,5,1,2,211,34,35,26,28,88,453,12,153,159,98,31,664,46,188,185,126,119
"1584","140145204",1,1072,622,35,201,253,114,19,63,2,36,19,3,3,387,78,112,81,52,64,685,37,237,272,117,22,1072,115,349,353,169,86
"1585","140145004",1,567,383,11,94,165,81,32,24,1,10,7,5,1,160,31,21,15,23,70,407,12,104,172,86,33,567,43,125,187,109,103
"1586","140911009",1,486,315,9,72,152,62,20,21,1,7,9,4,0,150,25,19,21,34,51,336,10,79,161,66,20,486,35,98,182,100,71
"1587","140144410",1,651,408,13,104,191,82,18,23,1,16,5,0,1,220,33,35,25,47,80,431,14,120,196,82,19,651,47,155,221,129,99
"1588","140144612",1,771,533,7,141,239,119,27,39,1,20,11,5,2,199,32,31,20,28,88,572,8,161,250,124,29,771,40,192,270,152,117
"1589","140144812",1,480,334,1,77,163,69,24,19,0,9,8,2,0,127,17,24,8,11,67,353,1,86,171,71,24,480,18,110,179,82,91
"1590","140144704",1,338,223,7,57,102,45,12,23,1,14,6,2,0,92,13,14,10,16,39,246,8,71,108,47,12,338,21,85,118,63,51
"1591","140145001",1,640,460,7,144,191,90,28,19,2,7,7,3,0,161,26,33,15,29,58,479,9,151,198,93,28,640,35,184,213,122,86
"1592","140144814",1,543,389,12,92,184,71,30,8,0,4,3,1,0,146,19,22,12,23,70,397,12,96,187,72,30,543,31,118,199,95,100
"1593","140144804",1,449,347,2,101,151,72,21,11,0,7,2,1,1,91,9,15,5,14,48,358,2,108,153,73,22,449,11,123,158,87,70
"1594","140144811",1,504,371,5,89,153,77,47,14,0,6,3,5,0,119,11,13,3,15,77,385,5,95,156,82,47,504,16,108,159,97,124
"1595","140145005",1,495,355,5,75,153,84,38,20,0,11,3,3,3,120,21,15,15,27,42,375,5,86,156,87,41,495,26,101,171,114,83
"1596","140144611",1,1025,701,6,214,325,128,28,39,2,19,14,4,0,285,67,57,43,34,84,740,8,233,339,132,28,1025,75,290,382,166,112
"1597","140144405",1,575,327,6,84,159,66,12,12,0,9,3,0,0,236,32,46,30,67,61,339,6,93,162,66,12,575,38,139,192,133,73
"1598","140146002",1,559,390,4,106,178,80,22,17,1,10,3,3,0,152,22,28,15,25,62,407,5,116,181,83,22,559,27,144,196,108,84
"1599","140144905",1,479,325,6,99,133,64,23,12,0,1,6,4,1,142,24,24,16,21,57,337,6,100,139,68,24,479,30,124,155,89,81
"1600","140140803",1,318,217,6,60,81,49,21,6,0,1,4,1,0,95,13,7,9,23,43,223,6,61,85,50,21,318,19,68,94,73,64
"1601","140144810",1,740,510,7,104,210,122,67,16,0,7,7,2,0,214,25,38,22,28,101,526,7,111,217,124,67,740,32,149,239,152,168
"1602","140144707",1,688,468,9,141,210,91,17,24,0,13,10,1,0,196,40,24,24,24,84,492,9,154,220,92,17,688,49,178,244,116,101
"1603","140144902",1,378,255,2,61,120,55,17,17,2,5,7,2,1,106,19,12,13,14,48,272,4,66,127,57,18,378,23,78,140,71,66
"1604","140144503",1,689,433,16,126,178,75,38,29,2,12,10,4,1,227,50,28,24,39,86,462,18,138,188,79,39,689,68,166,212,118,125
"1605","140144706",1,497,348,3,102,165,58,20,15,2,5,7,1,0,134,31,26,12,13,52,363,5,107,172,59,20,497,36,133,184,72,72
"1606","140145901",1,633,463,5,149,212,70,27,29,0,17,6,3,3,141,22,39,21,19,40,492,5,166,218,73,30,633,27,205,239,92,70
"1607","140144904",1,492,270,4,74,111,58,23,10,1,7,0,1,1,212,28,30,30,42,82,280,5,81,111,59,24,492,33,111,141,101,106
"1608","140144901",1,353,256,7,84,108,42,15,13,1,5,6,0,1,84,12,13,6,11,42,269,8,89,114,42,16,353,20,102,120,53,58
"1609","140144509",1,867,627,15,125,292,154,41,15,0,7,6,2,0,225,60,70,17,29,49,642,15,132,298,156,41,867,75,202,315,185,90
"1610","140144705",1,401,300,3,90,147,46,14,14,0,7,7,0,0,87,14,15,15,10,33,314,3,97,154,46,14,401,17,112,169,56,47
"1611","140144903",1,349,224,5,58,97,43,21,13,0,7,4,2,0,112,25,19,14,24,30,237,5,65,101,45,21,349,30,84,115,69,51
"1612","140146003",1,499,299,1,86,123,68,21,19,1,10,5,2,1,181,24,33,14,31,79,318,2,96,128,70,22,499,26,129,142,101,101
"1613","140140805",1,1197,773,19,213,376,148,17,56,1,35,16,4,0,368,98,97,86,42,45,829,20,248,392,152,17,1197,118,345,478,194,62
"1614","141190308",1,686,391,13,118,174,73,13,16,0,11,3,2,0,279,45,35,48,53,98,407,13,129,177,75,13,686,58,164,225,128,111
"1615","140144805",1,477,351,2,90,177,62,20,20,0,13,6,1,0,106,11,17,12,14,52,371,2,103,183,63,20,477,13,120,195,77,72
"1616","140144809",1,353,238,1,52,111,53,21,11,0,3,6,2,0,104,11,24,6,14,49,249,1,55,117,55,21,353,12,79,123,69,70
"1617","140144508",1,674,523,13,134,247,117,12,9,0,5,4,0,0,142,43,30,16,28,25,532,13,139,251,117,12,674,56,169,267,145,37
"1618","140144411",1,1066,709,20,164,386,118,21,56,3,26,16,11,0,301,75,57,49,34,86,765,23,190,402,129,21,1066,98,247,451,163,107
"1619","140146016",1,611,408,9,90,193,90,26,24,3,8,7,5,1,179,28,26,13,27,85,432,12,98,200,95,27,611,40,124,213,122,112
"1620","140145121",1,669,409,18,168,153,55,15,31,3,17,7,3,1,229,61,59,52,25,32,440,21,185,160,58,16,669,82,244,212,83,48
"1621","140911008",1,544,344,5,85,159,76,19,17,0,13,3,1,0,183,26,33,19,39,66,361,5,98,162,77,19,544,31,131,181,116,85
"1622","140145116",1,427,278,5,86,117,56,14,29,4,12,8,5,0,120,31,22,14,17,36,307,9,98,125,61,14,427,40,120,139,78,50
"1623","140911011",1,536,320,9,85,132,74,20,10,0,7,3,0,0,206,34,35,37,40,60,330,9,92,135,74,20,536,43,127,172,114,80
"1624","140910921",1,1173,806,50,295,294,144,23,62,6,21,20,12,3,305,101,73,56,36,39,868,56,316,314,156,26,1173,157,389,370,192,65
"1625","140144711",1,608,400,6,116,177,85,16,27,0,16,4,6,1,181,34,30,16,21,80,427,6,132,181,91,17,608,40,162,197,112,97
"1626","140144808",1,472,328,3,69,148,82,26,13,0,7,3,3,0,131,29,25,8,18,51,341,3,76,151,85,26,472,32,101,159,103,77
"1627","140146004",1,660,465,9,149,186,103,18,16,2,6,7,1,0,179,39,27,21,22,70,481,11,155,193,104,18,660,50,182,214,126,88
"1628","140145006",1,490,314,2,84,124,77,27,12,0,9,3,0,0,164,20,34,13,30,67,326,2,93,127,77,27,490,22,127,140,107,94
"1629","140140804",1,764,398,15,149,183,44,7,63,8,38,13,3,1,303,85,103,76,18,21,461,23,187,196,47,8,764,108,290,272,65,29
"1630","140144710",1,406,273,0,62,131,63,17,13,1,6,4,2,0,120,17,14,8,22,59,286,1,68,135,65,17,406,18,82,143,87,76
"1631","140144807",1,640,460,6,107,208,84,55,14,3,3,7,1,0,166,16,26,11,23,90,474,9,110,215,85,55,640,25,136,226,108,145
"1632","140145011",1,569,388,10,114,163,71,30,28,1,12,9,6,0,153,18,27,15,19,74,416,11,126,172,77,30,569,29,153,187,96,104
"1633","140910906",1,723,460,9,114,188,121,28,27,0,10,13,4,0,236,36,42,29,47,82,487,9,124,201,125,28,723,45,166,230,172,110
"1634","140144404",1,505,293,3,72,139,55,24,23,0,9,10,4,0,189,37,24,26,37,65,316,3,81,149,59,24,505,40,105,175,96,89
"1635","140146005",1,760,555,11,158,264,92,30,27,1,16,3,7,0,178,28,27,18,29,76,582,12,174,267,99,30,760,40,201,285,128,106
"1636","140144709",1,467,315,2,108,131,60,14,18,0,8,4,5,1,134,24,28,10,17,55,333,2,116,135,65,15,467,26,144,145,82,70
"1637","140145010",1,616,416,8,129,169,76,34,18,1,5,8,4,0,182,29,27,11,31,84,434,9,134,177,80,34,616,38,161,188,111,118
"1638","140144806",1,475,332,5,88,142,71,26,14,0,6,6,2,0,129,17,15,11,15,71,346,5,94,148,73,26,475,22,109,159,88,97
"1639","140146017",1,824,524,10,157,231,106,20,38,4,16,12,5,1,262,53,55,23,27,104,562,14,173,243,111,21,824,67,228,266,138,125
"1640","140146006",1,583,434,12,118,199,76,29,24,1,15,7,1,0,125,26,19,13,19,48,458,13,133,206,77,29,583,39,152,219,96,77
"1641","140146015",1,727,486,6,141,240,66,33,20,1,9,9,1,0,221,30,33,29,28,101,506,7,150,249,67,33,727,37,183,278,95,134
"1642","140911007",1,359,225,5,46,104,62,8,11,1,6,4,0,0,123,16,16,13,22,56,236,6,52,108,62,8,359,22,68,121,84,64
"1643","140145015",1,614,417,9,113,182,86,27,13,0,7,4,1,1,184,35,19,18,26,86,430,9,120,186,87,28,614,44,139,204,113,114
"1644","140144815",1,791,575,9,169,247,106,44,35,2,13,12,6,2,181,20,34,19,28,80,610,11,182,259,112,46,791,31,216,278,140,126
"1645","140145009",1,714,515,3,127,266,93,26,15,0,5,5,1,4,184,39,26,22,30,67,530,3,132,271,94,30,714,42,158,293,124,97
"1646","140770105",1,127,34,1,4,18,6,5,18,3,7,6,1,1,75,13,15,23,4,20,52,4,11,24,7,6,127,17,26,47,11,26
"1647","140146007",1,471,359,10,123,156,53,17,12,0,5,3,4,0,100,16,18,14,17,35,371,10,128,159,57,17,471,26,146,173,74,52
"1648","140144712",1,883,558,9,132,265,116,36,35,1,17,11,4,2,290,32,41,10,36,171,593,10,149,276,120,38,883,42,190,286,156,209
"1649","140145202",1,823,511,11,144,216,100,40,42,0,16,16,8,2,270,43,31,25,36,135,553,11,160,232,108,42,823,54,191,257,144,177
"1650","140144510",1,989,645,10,218,270,125,22,49,4,17,21,7,0,295,59,50,53,47,86,694,14,235,291,132,22,989,73,285,344,179,108
"1651","140144906",1,353,233,1,54,97,57,24,18,0,10,4,2,2,102,19,10,7,18,48,251,1,64,101,59,26,353,20,74,108,77,74
"1652","140145008",1,566,415,11,99,183,80,42,17,0,8,9,0,0,134,14,23,9,20,68,432,11,107,192,80,42,566,25,130,201,100,110
"1653","140911012",1,468,289,6,69,122,62,30,20,0,8,8,2,2,159,27,24,13,16,79,309,6,77,130,64,32,468,33,101,143,80,111
"1654","140145218",1,933,484,37,177,180,78,12,50,11,27,8,3,1,399,98,126,86,62,27,534,48,204,188,81,13,933,146,330,274,143,40
"1655","140145012",1,502,333,12,84,144,75,18,24,4,10,6,4,0,145,18,26,8,27,66,357,16,94,150,79,18,502,34,120,158,106,84
"1656","140144816",1,579,397,10,112,157,94,24,24,1,20,2,1,0,158,20,34,6,27,71,421,11,132,159,95,24,579,31,166,165,122,95
"1657","140145801",1,235,170,1,59,81,23,6,12,1,9,2,0,0,53,11,14,2,6,20,182,2,68,83,23,6,235,13,82,85,29,26
"1658","140145007",1,614,436,4,115,165,106,46,24,1,12,5,5,1,154,25,31,10,28,60,460,5,127,170,111,47,614,30,158,180,139,107
"1659","140146014",1,803,538,9,138,255,102,34,24,0,14,3,6,1,241,40,40,12,35,114,562,9,152,258,108,35,803,49,192,270,143,149
"1660","140144907",1,764,552,9,153,243,107,40,23,2,10,7,4,0,189,35,39,25,27,63,575,11,163,250,111,40,764,46,202,275,138,103
"1661","140911015",1,524,338,9,68,154,80,27,7,0,1,3,2,1,179,32,19,15,21,92,345,9,69,157,82,28,524,41,88,172,103,120
"1662","140146018",1,677,489,4,130,231,95,29,23,1,9,9,3,1,165,23,29,8,28,77,512,5,139,240,98,30,677,28,168,248,126,107
"1663","141050602",1,210,65,5,16,27,17,0,9,4,2,2,1,0,136,20,25,32,16,43,74,9,18,29,18,0,210,29,43,61,34,43
"1664","140146008",1,379,280,7,100,122,42,9,9,0,3,5,1,0,90,14,18,9,9,40,289,7,103,127,43,9,379,21,121,136,52,49
"1665","140145203",1,564,385,13,109,154,83,26,23,1,6,14,2,0,156,29,20,15,20,72,408,14,115,168,85,26,564,43,135,183,105,98
"1666","140146201",1,749,479,12,145,201,102,19,46,4,18,16,8,0,224,57,36,29,43,59,525,16,163,217,110,19,749,73,199,246,153,78
"1667","140911006",1,735,426,7,86,172,127,34,19,1,9,5,3,1,290,51,43,33,59,104,445,8,95,177,130,35,735,59,138,210,189,139
"1668","141400610",1,894,590,26,161,249,121,33,36,4,18,7,6,1,268,66,38,34,49,81,626,30,179,256,127,34,894,96,217,290,176,115
"1669","140146012",1,341,242,2,51,115,54,20,9,0,4,3,2,0,90,26,16,7,13,28,251,2,55,118,56,20,341,28,71,125,69,48
"1670","140910915",1,845,554,21,162,246,110,15,20,1,6,9,2,2,271,72,53,43,40,63,574,22,168,255,112,17,845,94,221,298,152,80
"1671","140145903",1,510,368,3,127,174,51,13,24,2,16,3,3,0,118,9,34,18,18,39,392,5,143,177,54,13,510,14,177,195,72,52
"1672","140910922",1,1110,767,56,287,284,123,17,54,4,34,11,5,0,289,88,71,36,50,44,821,60,321,295,128,17,1110,148,392,331,178,61
"1673","140140709",1,933,539,40,203,226,60,10,75,8,38,23,5,1,319,107,89,78,22,23,614,48,241,249,65,11,933,155,330,327,87,34
"1674","140145802",1,510,381,3,145,165,49,19,21,1,10,9,0,1,108,18,35,4,13,38,402,4,155,174,49,20,510,22,190,178,62,58
"1675","140146202",1,672,383,14,92,187,67,23,25,0,9,11,5,0,264,34,29,18,47,136,408,14,101,198,72,23,672,48,130,216,119,159
"1676","140911019",1,416,283,7,61,114,78,23,6,0,3,2,1,0,127,20,17,13,25,52,289,7,64,116,79,23,416,27,81,129,104,75
"1677","140145805",1,499,385,6,140,178,52,9,15,1,7,6,0,1,99,14,34,7,15,29,400,7,147,184,52,10,499,21,181,191,67,39
"1678","140144513",1,490,256,4,50,135,52,15,24,1,15,7,1,0,210,27,25,10,22,126,280,5,65,142,53,15,490,32,90,152,75,141
"1679","140145013",1,431,302,3,72,132,72,23,7,0,2,3,1,1,122,13,22,9,15,63,309,3,74,135,73,24,431,16,96,144,88,87
"1680","140146011",1,821,597,11,175,264,111,36,16,0,7,6,3,0,208,32,47,10,23,96,613,11,182,270,114,36,821,43,229,280,137,132
"1681","140144512",1,729,479,12,143,216,96,12,46,5,19,11,8,3,204,41,38,26,45,54,525,17,162,227,104,15,729,58,200,253,149,69
"1682","140145902",1,269,202,4,69,92,30,7,10,1,6,1,2,0,57,5,27,6,4,15,212,5,75,93,32,7,269,10,102,99,36,22
"1683","140146013",1,469,322,0,98,134,71,19,19,2,6,7,3,1,128,12,18,8,20,70,341,2,104,141,74,20,469,14,122,149,94,90
"1684","140911014",1,394,241,6,56,99,61,19,13,0,5,4,1,3,140,23,26,9,17,65,254,6,61,103,62,22,394,29,87,112,79,87
"1685","140146101",1,846,512,32,171,203,78,28,66,6,33,22,5,0,268,68,55,46,38,61,578,38,204,225,83,28,846,106,259,271,121,89
"1686","140140806",1,678,423,13,123,203,72,12,30,0,13,11,6,0,225,47,42,33,56,47,453,13,136,214,78,12,678,60,178,247,134,59
"1687","140147501",1,923,486,36,182,196,62,10,73,12,35,23,3,0,364,108,105,88,34,29,559,48,217,219,65,10,923,156,322,307,99,39
"1688","140145602",1,414,308,4,108,116,62,18,9,0,4,3,2,0,97,3,31,8,14,41,317,4,112,119,64,18,414,7,143,127,78,59
"1689","140145601",1,376,283,3,72,133,53,22,12,0,7,2,3,0,81,9,29,7,12,24,295,3,79,135,56,22,376,12,108,142,68,46
"1690","140145605",1,326,247,3,89,109,34,12,10,1,5,3,1,0,69,12,23,7,7,20,257,4,94,112,35,12,326,16,117,119,42,32
"1691","140145603",1,367,281,5,102,122,42,10,15,1,8,6,0,0,71,7,24,5,7,28,296,6,110,128,42,10,367,13,134,133,49,38
"1692","140145501",1,448,312,6,102,142,49,13,15,0,7,7,1,0,121,15,25,16,16,49,327,6,109,149,50,13,448,21,134,165,66,62
"1693","140145804",1,383,272,4,91,141,32,4,11,1,7,3,0,0,100,9,39,10,11,31,283,5,98,144,32,4,383,14,137,154,43,35
"1694","140140712",1,329,181,9,59,76,30,7,24,1,9,11,1,2,124,20,35,25,18,26,205,10,68,87,31,9,329,30,103,112,49,35
"1695","140145904",1,496,372,2,125,178,51,16,15,2,8,5,0,0,109,16,35,13,9,36,387,4,133,183,51,16,496,20,168,196,60,52
"1696","140911016",1,413,223,5,47,114,48,9,10,0,4,5,1,0,180,14,22,24,26,94,233,5,51,119,49,9,413,19,73,143,75,103
"1697","140146010",1,457,345,5,97,171,52,20,16,1,8,6,1,0,96,16,18,9,11,42,361,6,105,177,53,20,457,22,123,186,64,62
"1698","140145604",1,298,214,3,76,93,34,8,16,0,10,4,2,0,68,7,24,5,9,23,230,3,86,97,36,8,298,10,110,102,45,31
"1699","140145806",1,521,380,5,137,161,65,12,17,0,10,3,4,0,124,12,50,10,9,43,397,5,147,164,69,12,521,17,197,174,78,55
"1700","140145014",1,534,381,4,83,176,89,29,11,0,6,4,1,0,142,18,23,13,25,63,392,4,89,180,90,29,534,22,112,193,115,92
"1701","140144908",1,710,475,13,154,200,83,25,45,2,14,22,7,0,190,39,31,15,32,73,520,15,168,222,90,25,710,54,199,237,122,98
"1702","140145212",1,826,456,24,130,205,81,16,107,6,47,32,18,4,263,74,48,40,40,61,563,30,177,237,99,20,826,104,225,277,139,81
"1703","140146301",1,519,337,7,94,162,60,14,22,0,9,11,2,0,160,23,20,14,30,73,359,7,103,173,62,14,519,30,123,187,92,87
"1704","140144511",1,751,493,9,128,225,91,40,18,2,7,3,5,1,240,39,40,48,34,79,511,11,135,228,96,41,751,50,175,276,130,120
"1705","140145905",1,443,354,9,135,150,45,15,17,0,7,6,2,2,72,10,27,11,7,17,371,9,142,156,47,17,443,19,169,167,54,34
"1706","140146009",1,514,373,3,119,172,66,13,18,1,10,4,2,1,123,13,30,9,23,48,391,4,129,176,68,14,514,17,159,185,91,62
"1707","141400607",1,119,79,6,16,38,13,6,4,2,0,1,1,0,36,5,6,13,5,7,83,8,16,39,14,6,119,13,22,52,19,13
"1708","140145803",1,295,216,2,82,105,22,5,13,0,11,2,0,0,66,7,25,3,7,24,229,2,93,107,22,5,295,9,118,110,29,29
"1709","140145201",1,469,301,2,68,160,55,16,23,0,11,9,2,1,145,17,18,11,20,79,324,2,79,169,57,17,469,19,97,180,77,96
"1710","140145912",1,749,506,5,140,189,127,45,20,1,13,3,3,0,223,29,53,10,35,96,526,6,153,192,130,45,749,35,206,202,165,141
"1711","140145906",1,391,299,4,111,139,34,11,18,0,7,8,3,0,74,12,27,7,8,20,317,4,118,147,37,11,391,16,145,154,45,31
"1712","140910908",1,566,372,9,78,163,94,28,22,1,7,7,7,0,172,28,25,18,30,71,394,10,85,170,101,28,566,38,110,188,131,99
"1713","140146206",1,647,453,11,100,235,86,21,27,1,20,6,0,0,167,45,39,24,23,36,480,12,120,241,86,21,647,57,159,265,109,57
"1714","140145609",1,261,189,3,69,84,23,10,7,1,5,1,0,0,65,8,25,4,5,23,196,4,74,85,23,10,261,12,99,89,28,33
"1715","140145808",1,436,329,2,131,139,41,16,13,0,10,1,0,2,94,2,35,10,15,32,342,2,141,140,41,18,436,4,176,150,56,50
"1716","140146203",1,695,439,10,116,180,114,19,33,2,17,11,2,1,223,44,28,13,38,100,472,12,133,191,116,20,695,56,161,204,154,120
"1717","140145205",1,368,232,4,52,97,55,24,6,0,5,1,0,0,130,18,21,14,21,56,238,4,57,98,55,24,368,22,78,112,76,80
"1718","140145907",1,399,302,2,101,150,32,17,9,0,6,3,0,0,88,11,34,5,5,33,311,2,107,153,32,17,399,13,141,158,37,50
"1719","140145303",1,335,237,4,56,92,68,17,7,0,4,2,1,0,91,20,19,8,8,36,244,4,60,94,69,17,335,24,79,102,77,53
"1720","140146302",1,526,301,4,63,145,64,25,13,0,8,3,2,0,212,27,31,26,41,87,314,4,71,148,66,25,526,31,102,174,107,112
"1721","140145807",1,340,233,3,85,93,36,16,12,0,5,4,3,0,95,9,31,12,10,33,245,3,90,97,39,16,340,12,121,109,49,49
"1722","140145401",1,347,277,3,76,119,55,24,11,0,5,6,0,0,59,8,12,9,7,23,288,3,81,125,55,24,347,11,93,134,62,47
"1723","140147518",1,895,461,33,160,190,66,12,60,2,31,24,3,0,374,105,104,94,44,27,521,35,191,214,69,12,895,140,295,308,113,39
"1724","140911013",1,645,393,4,72,189,102,26,19,1,9,7,2,0,233,40,24,25,33,111,412,5,81,196,104,26,645,45,105,221,137,137
"1725","140145206",1,425,237,11,50,108,58,10,14,0,7,4,2,1,174,20,22,29,30,73,251,11,57,112,60,11,425,31,79,141,90,84
"1726","140145211",1,425,281,13,73,107,63,25,21,2,10,9,0,0,123,23,17,25,21,37,302,15,83,116,63,25,425,38,100,141,84,62
"1727","140140807",1,794,488,7,123,225,112,21,45,2,22,14,7,0,261,69,29,24,59,80,533,9,145,239,119,21,794,78,174,263,178,101
"1728","140145908",1,236,168,0,45,79,38,6,10,0,8,1,1,0,58,6,13,4,12,23,178,0,53,80,39,6,236,6,66,84,51,29
"1729","140146102",1,792,399,19,119,168,80,13,93,12,48,22,11,0,300,74,53,45,49,79,492,31,167,190,91,13,792,105,220,235,140,92
"1730","140910907",1,635,426,19,112,184,87,24,39,2,20,11,6,0,170,34,40,26,24,46,465,21,132,195,93,24,635,55,172,221,117,70
"1731","140146404",1,625,457,2,142,201,99,13,23,0,17,2,2,2,145,23,37,14,28,43,480,2,159,203,101,15,625,25,196,217,129,58
"1732","140146303",1,496,293,5,73,127,68,20,9,0,7,0,2,0,194,22,20,16,33,103,302,5,80,127,70,20,496,27,100,143,103,123
"1733","140145502",1,407,291,3,94,128,53,13,9,0,6,2,1,0,107,15,17,9,19,47,300,3,100,130,54,13,407,18,117,139,73,60
"1734","140145608",1,206,149,0,54,73,16,6,8,0,5,3,0,0,49,7,14,2,7,19,157,0,59,76,16,6,206,7,73,78,23,25
"1735","140145810",1,214,156,0,52,72,25,7,5,0,3,1,0,1,53,7,10,2,6,28,161,0,55,73,25,8,214,7,65,75,31,36
"1736","140145911",1,351,273,4,103,120,30,16,18,1,8,6,3,0,60,5,30,6,7,12,291,5,111,126,33,16,351,10,141,132,40,28
"1737","140145302",1,495,318,5,62,147,81,23,18,2,10,5,1,0,159,26,33,11,15,74,336,7,72,152,82,23,495,33,105,163,97,97
"1738","140146304",1,612,338,6,84,145,83,20,31,2,16,6,7,0,243,40,50,22,32,99,369,8,100,151,90,20,612,48,150,173,122,119
"1739","140145610",1,150,102,2,30,50,10,10,10,0,4,3,2,1,38,1,12,2,3,20,112,2,34,53,12,11,150,3,46,55,15,31
"1740","140910913",1,572,361,19,117,133,77,15,40,4,18,11,7,0,171,32,34,25,37,43,401,23,135,144,84,15,572,55,169,169,121,58
"1741","140145910",1,366,282,5,106,121,33,17,18,0,11,5,1,1,66,7,32,9,8,10,300,5,117,126,34,18,366,12,149,135,42,28
"1742","140145809",1,430,307,0,90,158,46,13,11,0,8,2,0,1,112,8,27,16,17,44,318,0,98,160,46,14,430,8,125,176,63,58
"1743","140911017",1,434,261,3,64,113,59,22,12,1,2,5,4,0,161,21,20,12,16,92,273,4,66,118,63,22,434,25,86,130,79,114
"1744","140910909",1,517,347,5,89,135,104,14,25,2,10,10,2,1,145,18,26,12,21,68,372,7,99,145,106,15,517,25,125,157,127,83
"1745","140145619",1,300,219,0,70,72,50,27,6,0,4,2,0,0,75,5,23,1,10,36,225,0,74,74,50,27,300,5,97,75,60,63
"1746","140146204",1,532,360,9,93,169,66,23,22,2,7,9,4,0,150,21,24,21,20,64,382,11,100,178,70,23,532,32,124,199,90,87
"1747","140140711",1,558,312,19,110,128,46,9,29,2,16,8,3,0,217,59,55,48,32,23,341,21,126,136,49,9,558,80,181,184,81,32
"1748","140145611",1,499,334,5,110,127,54,38,15,1,11,2,1,0,150,4,55,12,12,67,349,6,121,129,55,38,499,10,176,141,67,105
"1749","140145301",1,516,339,2,104,145,70,18,16,1,6,5,2,2,161,22,31,10,22,76,355,3,110,150,72,20,516,25,141,160,94,96
"1750","140145207",1,541,360,3,97,154,94,12,17,0,4,5,8,0,164,28,27,11,26,72,377,3,101,159,102,12,541,31,128,170,128,84
"1751","140146405",1,518,377,0,124,182,63,8,28,1,15,10,2,0,113,14,29,8,19,43,405,1,139,192,65,8,518,15,168,200,84,51
"1752","140145909",1,391,300,3,123,134,31,9,13,0,8,4,0,1,78,5,29,10,6,28,313,3,131,138,31,10,391,8,160,148,37,38
"1753","140145210",1,450,285,5,77,119,58,26,15,0,6,4,5,0,150,29,23,20,28,50,300,5,83,123,63,26,450,34,106,143,91,76
"1754","140145612",1,169,111,0,32,48,25,6,6,0,5,1,0,0,52,4,16,4,6,22,117,0,37,49,25,6,169,4,53,53,31,28
"1755","140146501",1,447,296,0,78,134,69,15,19,1,11,6,1,0,132,18,33,6,15,60,315,1,89,140,70,15,447,19,122,146,85,75
"1756","140145607",1,219,164,2,66,66,23,7,5,0,3,2,0,0,50,7,16,4,4,19,169,2,69,68,23,7,219,9,85,72,27,26
"1757","140146307",1,693,436,8,106,202,94,26,22,0,14,6,1,1,235,33,30,24,34,114,458,8,120,208,95,27,693,41,150,232,129,141
"1758","140145811",1,503,388,4,120,190,50,24,19,1,13,4,1,0,96,11,38,4,7,36,407,5,133,194,51,24,503,16,171,198,58,60
"1759","140146103",1,737,435,26,149,178,75,7,62,7,29,18,8,0,240,67,44,45,32,52,497,33,178,196,83,7,737,100,222,241,115,59
"1760","140144915",1,495,347,1,91,167,67,21,10,0,7,1,2,0,138,16,26,14,16,66,357,1,98,168,69,21,495,17,124,182,85,87
"1761","141400611",1,558,309,3,96,135,65,10,10,0,6,3,1,0,239,37,28,29,31,114,319,3,102,138,66,10,558,40,130,167,97,124
"1762","140145618",1,375,258,2,86,112,36,22,11,0,8,2,1,0,106,7,34,5,21,39,269,2,94,114,37,22,375,9,128,119,58,61
"1763","140145304",1,424,274,6,67,116,70,15,11,1,6,3,1,0,139,21,23,12,22,61,285,7,73,119,71,15,424,28,96,131,93,76
"1764","140146401",1,509,336,5,90,156,67,18,17,2,9,6,0,0,156,29,21,15,33,58,353,7,99,162,67,18,509,36,120,177,100,76
"1765","140145613",1,256,184,2,76,61,36,9,15,0,10,3,2,0,57,4,18,4,5,26,199,2,86,64,38,9,256,6,104,68,43,35
"1766","140145606",1,281,188,2,71,73,32,10,14,0,12,1,1,0,79,11,25,4,10,29,202,2,83,74,33,10,281,13,108,78,43,39
"1767","140147401",1,836,505,23,159,207,99,17,32,4,12,15,0,1,299,70,58,61,42,68,537,27,171,222,99,18,836,97,229,283,141,86
"1768","140145701",1,656,397,1,126,178,64,28,6,0,3,2,0,1,253,13,61,10,30,139,403,1,129,180,64,29,656,14,190,190,94,168
"1769","140146403",1,555,398,0,119,200,60,19,11,0,8,2,1,0,146,16,26,12,23,69,409,0,127,202,61,19,555,16,153,214,84,88
"1770","140911803",1,31,24,1,6,12,5,0,2,0,2,0,0,0,5,0,2,2,0,1,26,1,8,12,5,0,31,1,10,14,5,1
"1771","140144914",1,444,328,3,104,154,48,19,7,0,3,4,0,0,109,14,24,9,19,43,335,3,107,158,48,19,444,17,131,167,67,62
"1772","140146306",1,793,479,7,137,207,110,18,41,5,23,3,7,3,273,45,58,22,43,105,520,12,160,210,117,21,793,57,218,232,160,126
"1773","140146205",1,556,382,11,96,171,83,21,17,0,12,5,0,0,157,32,14,14,27,70,399,11,108,176,83,21,556,43,122,190,110,91
"1774","140145503",1,224,166,3,53,79,22,9,9,0,4,2,1,2,49,8,17,1,8,15,175,3,57,81,23,11,224,11,74,82,31,26
"1775","140145812",1,431,329,1,136,142,35,15,16,0,9,5,2,0,86,8,37,6,9,26,345,1,145,147,37,15,431,9,182,153,46,41
"1776","140145702",1,409,258,1,81,90,54,32,12,0,7,2,3,0,139,13,35,6,11,74,270,1,88,92,57,32,409,14,123,98,68,106
"1777","140140808",1,587,337,24,125,141,41,6,56,11,25,14,6,0,194,69,49,49,15,12,393,35,150,155,47,6,587,104,199,204,62,18
"1778","140146402",1,824,559,7,123,280,119,30,29,3,14,6,5,1,236,31,41,11,38,115,588,10,137,286,124,31,824,41,178,297,162,146
"1779","140144913",1,646,451,3,120,221,73,34,23,1,13,7,2,0,172,29,46,9,24,64,474,4,133,228,75,34,646,33,179,237,99,98
"1780","140146109",1,677,447,11,138,182,110,6,45,1,24,6,13,1,185,48,48,26,37,26,492,12,162,188,123,7,677,60,210,214,160,33
"1781","140146505",1,464,287,1,46,157,62,21,20,0,11,7,2,0,157,23,24,6,19,85,307,1,57,164,64,21,464,24,81,170,83,106
"1782","140145209",1,452,284,3,79,115,66,21,7,0,3,3,1,0,161,21,25,16,28,71,291,3,82,118,67,21,452,24,107,134,95,92
"1783","140145617",1,320,187,1,62,63,49,12,11,0,7,3,1,0,122,8,36,4,15,59,198,1,69,66,50,12,320,9,105,70,65,71
"1784","140146108",1,821,537,17,171,226,111,12,43,2,17,18,6,0,241,64,45,47,35,50,580,19,188,244,117,12,821,83,233,291,152,62
"1785","140911018",1,527,305,4,68,114,91,28,12,0,9,1,2,0,210,25,18,16,39,112,317,4,77,115,93,28,527,29,95,131,132,140
"1786","140146104",1,639,371,28,114,159,59,11,51,7,21,20,3,0,217,63,57,46,27,24,422,35,135,179,62,11,639,98,192,225,89,35
"1787","140146107",1,799,517,31,188,210,71,17,65,5,40,17,3,0,217,87,30,40,27,33,582,36,228,227,74,17,799,123,258,267,101,50
"1788","140146207",1,683,423,15,113,187,84,24,41,1,24,11,5,0,219,52,28,24,33,82,464,16,137,198,89,24,683,68,165,222,122,106
"1789","140146106",1,714,445,10,161,150,115,9,68,1,39,20,8,0,201,49,36,28,35,53,513,11,200,170,123,9,714,60,236,198,158,62
"1790","140145504",1,204,147,1,50,70,19,7,6,0,5,1,0,0,51,3,20,6,3,19,153,1,55,71,19,7,204,4,75,77,22,26
"1791","140145703",1,445,247,0,70,85,59,33,16,0,14,1,1,0,182,9,43,11,18,101,263,0,84,86,60,33,445,9,127,97,78,134
"1792","140145813",1,168,125,2,51,58,11,3,7,0,5,2,0,0,36,0,17,4,2,13,132,2,56,60,11,3,168,2,73,64,13,16
"1793","140144911",1,243,176,6,45,85,32,8,9,1,2,3,3,0,58,9,11,8,7,23,185,7,47,88,35,8,243,16,58,96,42,31
"1794","140146105",1,852,568,62,205,196,78,27,44,6,17,13,6,2,240,62,72,55,26,25,612,68,222,209,84,29,852,130,294,264,110,54
"1795","140145208",1,524,307,5,69,146,72,15,36,2,15,10,8,1,181,39,22,15,28,77,343,7,84,156,80,16,524,46,106,171,108,93
"1796","140145616",1,274,151,0,54,55,29,13,7,0,4,2,0,1,116,3,31,3,8,71,158,0,58,57,29,14,274,3,89,60,37,85
"1797","140910910",1,344,214,3,44,108,46,13,17,0,7,7,2,1,113,21,13,15,17,47,231,3,51,115,48,14,344,24,64,130,65,61
"1798","140147402",1,702,405,17,119,167,94,8,52,3,25,16,7,1,245,63,53,43,39,47,457,20,144,183,101,9,702,83,197,226,140,56
"1799","140146502",1,631,476,8,164,209,69,26,19,0,11,8,0,0,136,15,49,9,10,53,495,8,175,217,69,26,631,23,224,226,79,79
"1800","140910914",1,781,515,19,171,184,119,22,37,2,20,9,5,1,229,66,44,42,38,39,552,21,191,193,124,23,781,87,235,235,162,62
"1801","140145505",1,269,191,1,75,82,29,4,9,0,6,2,1,0,69,11,28,6,8,16,200,1,81,84,30,4,269,12,109,90,38,20
"1802","140145704",1,654,407,1,133,178,67,28,17,0,6,11,0,0,230,9,85,15,26,95,424,1,139,189,67,28,654,10,224,204,93,123
"1803","140145715",1,501,365,0,136,159,44,26,17,0,13,2,2,0,119,8,46,11,16,38,382,0,149,161,46,26,501,8,195,172,62,64
"1804","140146208",1,724,491,16,126,218,101,30,31,0,14,16,1,0,202,43,27,24,38,70,522,16,140,234,102,30,724,59,167,258,140,100
"1805","140910918",1,265,191,1,47,92,34,17,9,0,6,1,2,0,65,11,12,3,5,34,200,1,53,93,36,17,265,12,65,96,41,51
"1806","140145615",1,232,144,0,41,53,34,16,6,0,6,0,0,0,82,8,20,3,9,42,150,0,47,53,34,16,232,8,67,56,43,58
"1807","140145305",1,398,268,1,69,109,59,30,20,1,10,6,2,1,110,16,25,8,20,41,288,2,79,115,61,31,398,18,104,123,81,72
"1808","140146503",1,361,268,0,105,120,27,16,10,0,5,4,1,0,83,7,39,6,9,22,278,0,110,124,28,16,361,7,149,130,37,38
"1809","140145402",1,390,295,4,131,108,41,11,17,0,9,6,2,0,78,9,23,9,17,20,312,4,140,114,43,11,390,13,163,123,60,31
"1810","140145714",1,412,298,0,127,123,40,8,9,0,7,2,0,0,105,7,46,2,10,40,307,0,134,125,40,8,412,7,180,127,50,48
"1811","140145705",1,264,158,0,44,69,31,14,13,1,4,4,2,2,93,9,17,12,6,49,171,1,48,73,33,16,264,10,65,85,39,65
"1812","140145213",1,617,400,14,108,188,65,25,17,2,11,4,0,0,200,33,28,30,36,73,417,16,119,192,65,25,617,49,147,222,101,98
"1813","140146305",1,847,554,7,146,262,98,41,32,1,14,11,4,2,261,46,34,25,39,117,586,8,160,273,102,43,847,54,194,298,141,160
"1814","140911101",1,395,240,2,59,97,60,22,6,0,3,0,3,0,149,9,21,10,20,89,246,2,62,97,63,22,395,11,83,107,83,111
"1815","140145307",1,497,333,6,75,143,79,30,12,0,7,1,4,0,152,25,20,11,30,66,345,6,82,144,83,30,497,31,102,155,113,96
"1816","140146601",1,615,447,0,174,190,58,25,18,0,5,9,4,0,150,8,78,11,6,47,465,0,179,199,62,25,615,8,257,210,68,72
"1817","140911102",1,286,199,3,54,77,34,31,7,0,5,2,0,0,80,12,9,7,9,43,206,3,59,79,34,31,286,15,68,86,43,74
"1818","140911117",1,238,149,1,33,61,38,16,12,0,5,5,2,0,77,14,11,9,14,29,161,1,38,66,40,16,238,15,49,75,54,45
"1819","140146209",1,832,516,9,138,215,127,27,23,0,8,8,7,0,293,47,34,31,59,122,539,9,146,223,134,27,832,56,180,254,193,149
"1820","140145713",1,391,275,1,90,106,56,22,15,0,6,7,1,1,101,2,29,3,8,59,290,1,96,113,57,23,391,3,125,116,65,82
"1821","140145706",1,190,111,0,30,50,18,13,8,0,4,4,0,0,71,2,20,6,3,40,119,0,34,54,18,13,190,2,54,60,21,53
"1822","140146406",1,440,289,2,93,123,60,11,13,0,9,3,1,0,138,13,26,17,22,60,302,2,102,126,61,11,440,15,128,143,83,71
"1823","140145306",1,532,356,4,116,165,58,13,16,2,9,3,2,0,160,28,26,10,18,78,372,6,125,168,60,13,532,34,151,178,78,91
"1824","140144910",1,273,211,0,58,125,24,4,13,0,7,6,0,0,49,6,18,4,6,15,224,0,65,131,24,4,273,6,83,135,30,19
"1825","140145219",1,851,625,46,171,247,114,47,37,0,14,12,10,1,189,36,29,29,41,54,662,46,185,259,124,48,851,82,214,288,165,102
"1826","140145403",1,425,291,3,106,117,48,17,13,0,4,8,1,0,121,7,40,12,15,47,304,3,110,125,49,17,425,10,150,137,64,64
"1827","140145614",1,192,117,1,45,55,14,2,7,0,4,3,0,0,68,1,23,5,7,32,124,1,49,58,14,2,192,2,72,63,21,34
"1828","140146602",1,696,524,0,227,228,48,21,20,0,3,16,1,0,152,6,77,29,2,38,544,0,230,244,49,21,696,6,307,273,51,59
"1829","140145712",1,219,153,0,59,59,24,11,9,0,6,3,0,0,57,1,20,2,5,29,162,0,65,62,24,11,219,1,85,64,29,40
"1830","140144909",1,596,422,9,122,197,73,21,16,0,9,6,0,1,158,16,39,13,17,73,438,9,131,203,73,22,596,25,170,216,90,95
"1831","140146506",1,606,436,6,111,198,77,44,17,0,4,9,3,1,153,21,25,14,25,68,453,6,115,207,80,45,606,27,140,221,105,113
"1832","140145707",1,286,183,0,71,72,21,19,10,0,5,3,2,0,93,5,35,3,6,44,193,0,76,75,23,19,286,5,111,78,29,63
"1833","140146110",1,670,393,10,107,177,75,24,31,1,15,11,4,0,246,60,29,29,41,87,424,11,122,188,79,24,670,71,151,217,120,111
"1834","140146111",1,799,455,13,155,190,83,14,66,3,35,16,10,2,278,82,57,58,44,37,521,16,190,206,93,16,799,98,247,264,137,53
"1835","140147502",1,704,385,14,121,162,74,14,45,4,27,10,3,1,274,65,68,55,46,40,430,18,148,172,77,15,704,83,216,227,123,55
"1836","140145508",1,100,77,0,20,30,17,10,3,0,2,1,0,0,20,2,7,1,1,9,80,0,22,31,17,10,100,2,29,32,18,19
"1837","140144916",1,637,471,0,161,210,74,26,10,0,4,5,1,0,156,18,40,9,20,69,481,0,165,215,75,26,637,18,205,224,95,95
"1838","140147506",1,904,559,36,168,222,95,38,79,14,31,24,10,0,266,55,52,69,36,54,638,50,199,246,105,38,904,105,251,315,141,92
"1839","140146603",1,238,172,0,74,70,19,9,7,0,3,4,0,0,59,4,33,8,3,11,179,0,77,74,19,9,238,4,110,82,22,20
"1840","140145711",1,305,205,0,82,90,27,6,18,0,11,6,1,0,82,1,40,5,5,31,223,0,93,96,28,6,305,1,133,101,33,37
"1841","140145708",1,131,70,1,27,31,8,3,6,0,3,1,2,0,55,4,10,3,8,30,76,1,30,32,10,3,131,5,40,35,18,33
"1842","140144912",1,356,290,3,103,140,31,13,14,0,5,6,2,1,52,7,6,7,8,24,304,3,108,146,33,14,356,10,114,153,41,38
"1843","140145214",1,602,394,7,86,188,88,25,12,0,6,4,2,0,196,40,28,13,26,89,406,7,92,192,90,25,602,47,120,205,116,114
"1844","140146308",1,724,447,4,101,197,119,26,21,1,14,4,2,0,256,40,45,27,38,106,468,5,115,201,121,26,724,45,160,228,159,132
"1845","140146608",1,130,93,0,39,43,8,3,5,0,3,2,0,0,32,2,23,4,0,3,98,0,42,45,8,3,130,2,65,49,8,6
"1846","140145507",1,261,179,0,65,71,31,12,6,0,2,3,1,0,76,6,31,6,8,25,185,0,67,74,32,12,261,6,98,80,40,37
"1847","140146604",1,389,248,0,104,97,33,14,23,0,17,4,1,1,118,2,56,4,6,50,271,0,121,101,34,15,389,2,177,105,40,65
"1848","140146408",1,732,505,4,149,201,122,29,27,0,16,8,2,1,200,32,28,22,45,73,532,4,165,209,124,30,732,36,193,231,169,103
"1849","140145716",1,164,109,0,47,41,16,5,5,0,4,1,0,0,50,1,20,1,4,24,114,0,51,42,16,5,164,1,71,43,20,29
"1850","140146504",1,292,226,1,92,109,20,4,10,0,10,0,0,0,56,6,28,9,5,8,236,1,102,109,20,4,292,7,130,118,25,12
"1851","140146607",1,408,296,1,140,120,25,10,24,1,19,3,1,0,88,8,44,7,7,22,320,2,159,123,26,10,408,10,203,130,33,32
"1852","140145506",1,175,125,0,45,52,20,8,9,0,6,2,1,0,41,2,6,5,6,22,134,0,51,54,21,8,175,2,57,59,27,30
"1853","140145308",1,737,476,9,127,210,103,27,31,1,12,11,6,1,230,38,48,22,31,91,507,10,139,221,109,28,737,48,187,243,140,119
"1854","140146605",1,323,226,1,65,107,41,12,11,0,8,2,0,1,86,7,38,3,4,34,237,1,73,109,41,13,323,8,111,112,45,47
"1855","140145309",1,518,322,5,80,149,71,17,21,0,11,4,5,1,175,26,35,13,15,86,343,5,91,153,76,18,518,31,126,166,91,104
"1856","140145710",1,250,166,0,53,64,32,17,7,0,7,0,0,0,77,6,21,1,8,41,173,0,60,64,32,17,250,6,81,65,40,58
"1857","140910912",1,516,338,8,87,144,83,16,10,1,4,3,2,0,168,26,35,26,33,48,348,9,91,147,85,16,516,35,126,173,118,64
"1858","140146701",1,359,244,0,94,90,43,17,10,0,6,3,1,0,105,3,45,5,16,36,254,0,100,93,44,17,359,3,145,98,60,53
"1859","140145509",1,241,178,0,95,60,13,10,10,0,7,3,0,0,53,3,28,3,5,14,188,0,102,63,13,10,241,3,130,66,18,24
"1860","140147503",1,772,436,16,138,175,93,14,51,1,34,12,4,0,285,69,45,48,50,73,487,17,172,187,97,14,772,86,217,235,147,87
"1861","140146507",1,413,246,9,73,102,44,18,18,0,6,9,3,0,149,25,29,21,24,50,264,9,79,111,47,18,413,34,108,132,71,68
"1862","140911103",1,467,265,5,52,126,60,22,17,1,10,2,3,1,185,24,38,21,26,76,282,6,62,128,63,23,467,30,100,149,89,99
"1863","140147404",1,586,350,16,90,143,76,25,34,2,14,11,7,0,202,33,23,35,33,78,384,18,104,154,83,25,586,51,127,189,116,103
"1864","140146211",1,1207,752,21,251,306,155,19,91,5,41,30,15,0,364,89,84,60,72,59,843,26,292,336,170,19,1207,115,376,396,242,78
"1865","140146606",1,378,277,0,118,107,40,12,11,0,5,5,1,0,90,6,41,4,9,30,288,0,123,112,41,12,378,6,164,116,50,42
"1866","140910911",1,230,149,1,33,60,38,17,5,2,1,0,2,0,76,6,2,2,6,60,154,3,34,60,40,17,230,9,36,62,46,77
"1867","140910919",1,532,367,9,87,146,90,35,18,2,8,5,3,0,147,36,24,19,26,42,385,11,95,151,93,35,532,47,119,170,119,77
"1868","140145217",1,660,386,20,133,143,70,20,59,4,31,14,10,0,215,45,49,41,30,50,445,24,164,157,80,20,660,69,213,198,110,70
"1869","140146309",1,735,442,9,107,202,105,19,35,2,19,9,4,1,258,44,47,30,42,95,477,11,126,211,109,20,735,55,173,241,151,115
"1870","140145709",1,258,154,2,45,60,30,17,8,0,8,0,0,0,96,5,33,1,9,48,162,2,53,60,30,17,258,7,86,61,39,65
"1871","140146609",1,387,259,4,113,106,30,6,18,0,13,5,0,0,110,9,46,11,15,29,277,4,126,111,30,6,387,13,172,122,45,35
"1872","140145510",1,268,191,1,72,89,20,9,13,0,10,2,1,0,64,2,38,6,5,13,204,1,82,91,21,9,268,3,120,97,26,22
"1873","140144917",1,241,190,0,56,94,31,9,3,0,1,1,1,0,48,3,17,3,7,18,193,0,57,95,32,9,241,3,74,98,39,27
"1874","140146407",1,811,484,6,96,230,117,35,32,1,15,8,7,1,295,51,41,26,44,133,516,7,111,238,124,36,811,58,152,264,168,169
"1875","140146508",1,294,206,2,75,77,32,20,6,0,5,1,0,0,82,8,21,11,9,33,212,2,80,78,32,20,294,10,101,89,41,53
"1876","140910920",1,657,432,16,121,178,98,19,24,4,8,5,6,1,201,46,41,37,31,46,456,20,129,183,104,20,657,66,170,220,135,66
"1877","140146702",1,169,128,3,49,49,16,11,3,0,1,1,0,1,38,3,18,1,5,11,131,3,50,50,16,12,169,6,68,51,21,23
"1878","140147403",1,625,360,16,98,161,68,17,61,6,31,16,6,2,204,40,37,28,28,71,421,22,129,177,74,19,625,62,166,205,102,90
"1879","140146112",1,1325,813,48,274,324,146,21,86,2,43,19,17,5,426,112,122,82,53,57,899,50,317,343,163,26,1325,162,439,425,216,83
"1880","140145216",1,705,431,26,124,169,91,21,47,2,23,16,5,1,227,53,24,33,45,72,478,28,147,185,96,22,705,81,171,218,141,94
"1881","140146114",1,672,357,18,116,153,63,7,25,1,13,9,1,1,290,68,68,74,54,26,382,19,129,162,64,8,672,87,197,236,118,34
"1882","140146113",1,1121,721,44,260,270,132,15,67,9,34,12,10,2,333,103,81,60,47,42,788,53,294,282,142,17,1121,156,375,342,189,59
"1883","141470103",1,428,254,15,82,111,42,4,22,3,9,3,6,1,152,27,40,38,24,23,276,18,91,114,48,5,428,45,131,152,72,28
"1884","140145511",1,389,237,0,88,91,39,19,15,0,10,4,1,0,137,9,56,5,8,59,252,0,98,95,40,19,389,9,154,100,48,78
"1885","140146610",1,237,170,1,69,77,19,4,12,0,11,1,0,0,55,5,26,2,3,19,182,1,80,78,19,4,237,6,106,80,22,23
"1886","140147519",1,1273,725,79,248,290,90,18,97,13,47,32,5,0,451,141,123,103,51,33,822,92,295,322,95,18,1273,233,418,425,146,51
"1887","140144918",1,266,210,0,64,108,27,11,1,0,1,0,0,0,55,9,9,6,7,24,211,0,65,108,27,11,266,9,74,114,34,35
"1888","140146703",1,635,398,0,150,147,43,58,32,0,21,7,4,0,205,6,81,11,13,94,430,0,171,154,47,58,635,6,252,165,60,152
"1889","140144920",1,362,279,3,74,134,42,26,2,0,1,1,0,0,81,5,24,6,17,29,281,3,75,135,42,26,362,8,99,141,59,55
"1890","140145404",1,388,284,1,128,94,48,13,15,0,11,4,0,0,89,5,40,9,7,28,299,1,139,98,48,13,388,6,179,107,55,41
"1891","140145310",1,597,423,2,103,208,68,42,11,0,6,4,1,0,163,20,30,19,22,72,434,2,109,212,69,42,597,22,139,231,91,114
"1892","140146210",1,846,568,26,133,242,127,40,35,0,19,11,4,1,243,50,39,28,41,85,603,26,152,253,131,41,846,76,191,281,172,126
"1893","140146311",1,490,347,2,79,174,72,20,18,1,10,4,1,2,125,24,28,19,18,36,365,3,89,178,73,22,490,27,117,197,91,58
"1894","140145215",1,539,336,14,113,127,72,10,36,4,10,12,8,2,167,31,26,25,27,58,372,18,123,139,80,12,539,49,149,164,107,70
"1895","140146707",1,308,195,0,89,64,35,7,6,0,5,1,0,0,107,1,65,13,9,19,201,0,94,65,35,7,308,1,159,78,44,26
"1896","140146409",1,792,502,10,107,240,107,38,37,0,16,10,8,3,253,35,37,28,41,112,539,10,123,250,115,41,792,45,160,278,156,153
"1897","140146704",1,280,172,0,86,56,21,9,19,0,16,3,0,0,89,8,43,3,6,29,191,0,102,59,21,9,280,8,145,62,27,38
"1898","140144921",1,537,399,2,131,194,44,28,11,1,7,3,0,0,127,13,32,10,10,62,410,3,138,197,44,28,537,16,170,207,54,90
"1899","140147504",1,686,357,13,126,146,63,9,66,2,35,21,7,1,263,65,55,50,46,47,423,15,161,167,70,10,686,80,216,217,116,57
"1900","140146313",1,591,379,11,114,141,88,25,34,0,17,14,3,0,178,26,19,24,35,74,413,11,131,155,91,25,591,37,150,179,126,99
"1901","141260102",1,116,59,2,16,28,12,1,1,0,0,1,0,0,56,10,10,11,10,15,60,2,16,29,12,1,116,12,26,40,22,16
"1902","140144919",1,370,288,1,87,158,33,9,4,1,2,0,1,0,78,5,15,3,8,47,292,2,89,158,34,9,370,7,104,161,42,56
"1903","140146611",1,217,151,1,64,62,15,9,6,0,6,0,0,0,60,5,36,6,7,6,157,1,70,62,15,9,217,6,106,68,22,15
"1904","140145311",1,567,370,3,94,154,87,32,17,0,8,8,1,0,180,23,31,9,29,88,387,3,102,162,88,32,567,26,133,171,117,120
"1905","140146614",1,641,494,1,213,221,41,18,32,0,19,6,5,2,115,6,62,7,13,27,526,1,232,227,46,20,641,7,294,234,59,47
"1906","140146310",1,541,375,7,87,195,72,14,16,2,6,5,3,0,150,38,26,18,36,32,391,9,93,200,75,14,541,47,119,218,111,46
"1907","140147507",1,1018,567,28,173,260,92,14,82,5,47,23,7,0,369,90,56,69,63,91,649,33,220,283,99,14,1018,123,276,352,162,105
"1908","140146705",1,369,223,0,107,72,30,14,16,0,12,4,0,0,130,6,66,9,12,37,239,0,119,76,30,14,369,6,185,85,42,51
"1909","140146613",1,289,202,2,85,74,28,13,19,1,12,3,2,1,68,7,35,3,8,15,221,3,97,77,30,14,289,10,132,80,38,29
"1910","140147505",1,736,469,18,155,207,73,16,42,2,28,11,1,0,225,62,66,33,32,32,511,20,183,218,74,16,736,82,249,251,106,48
"1911","140146212",1,930,575,17,186,220,129,23,65,2,42,10,11,0,290,80,67,50,43,50,640,19,228,230,140,23,930,99,295,280,183,73
"1912","140145405",1,263,184,1,67,81,25,10,8,0,5,3,0,0,71,15,31,3,6,16,192,1,72,84,25,10,263,16,103,87,31,26
"1913","140146706",1,542,331,2,157,108,48,16,36,0,21,12,3,0,175,9,91,11,15,49,367,2,178,120,51,16,542,11,269,131,66,65
"1914","140147405",1,643,358,11,101,158,75,13,45,0,24,16,5,0,240,36,31,43,38,92,403,11,125,174,80,13,643,47,156,217,118,105
"1915","140146510",1,444,283,1,81,116,71,14,19,0,9,7,3,0,142,26,24,9,20,63,302,1,90,123,74,14,444,27,114,132,94,77
"1916","140140812",1,659,453,9,132,217,90,5,30,1,21,6,2,0,176,44,53,36,30,13,483,10,153,223,92,5,659,54,206,259,122,18
"1917","140145513",1,240,159,1,46,56,43,13,13,0,9,3,1,0,68,4,25,4,8,27,172,1,55,59,44,13,240,5,80,63,52,40
"1918","140145312",1,520,333,4,80,133,92,24,6,1,2,2,1,0,181,33,38,11,20,79,339,5,82,135,93,24,520,38,120,146,113,103
"1919","140146612",1,383,268,2,97,123,35,11,15,0,8,4,3,0,100,8,46,7,7,32,283,2,105,127,38,11,383,10,151,134,45,43
"1920","140145406",1,534,366,5,156,149,42,14,17,0,12,4,1,0,151,7,61,6,12,65,383,5,168,153,43,14,534,12,229,159,55,79
"1921","140146509",1,496,290,6,74,105,72,33,14,0,10,3,1,0,192,23,45,9,20,95,304,6,84,108,73,33,496,29,129,117,93,128
"1922","140911111",1,281,159,2,37,61,37,22,10,0,4,3,2,1,112,13,9,5,18,67,169,2,41,64,39,23,281,15,50,69,57,90
"1923","140911112",1,611,409,9,84,150,103,63,19,1,5,6,6,1,183,32,33,21,36,61,428,10,89,156,109,64,611,42,122,177,145,125
"1924","140147406",1,981,601,20,169,261,125,26,48,5,19,15,8,1,332,69,55,56,55,97,649,25,188,276,133,27,981,94,243,332,188,124
"1925","140146312",1,445,281,5,66,135,63,12,22,0,11,9,2,0,142,19,14,14,28,67,303,5,77,144,65,12,445,24,91,158,93,79
"1926","140146708",1,425,284,2,135,102,35,10,18,0,12,5,1,0,123,1,72,11,12,27,302,2,147,107,36,10,425,3,219,118,48,37
"1927","140147301",1,574,361,12,102,161,70,16,31,1,17,9,4,0,182,28,29,24,28,73,392,13,119,170,74,16,574,41,148,194,102,89
"1928","140146801",1,284,207,0,84,83,25,15,16,0,14,1,1,0,61,4,32,2,4,19,223,0,98,84,26,15,284,4,130,86,30,34
"1929","140911104",1,455,257,2,64,107,70,14,17,0,8,6,2,1,181,21,31,14,44,71,274,2,72,113,72,15,455,23,103,127,116,86
"1930","140145313",1,427,257,3,63,112,59,20,14,0,9,4,1,0,156,21,24,12,31,68,271,3,72,116,60,20,427,24,96,128,91,88
"1931","140145512",1,282,174,1,78,61,21,13,8,0,7,0,1,0,100,4,46,2,5,43,182,1,85,61,22,13,282,5,131,63,27,56
"1932","140146115",1,935,545,40,185,225,82,13,70,7,33,24,6,0,320,105,87,47,43,38,615,47,218,249,88,13,935,152,305,296,131,51
"1933","140911110",1,685,437,14,101,178,94,50,31,1,10,7,11,2,217,29,24,18,45,101,468,15,111,185,105,52,685,44,135,203,150,153
"1934","140146709",1,444,304,2,148,100,36,18,25,0,20,5,0,0,115,1,68,4,12,30,329,2,168,105,36,18,444,3,236,109,48,48
"1935","140146810",1,342,263,1,129,98,30,5,14,0,10,4,0,0,65,1,32,7,10,15,277,1,139,102,30,5,342,2,171,109,40,20
"1936","140146802",1,252,163,1,46,68,33,15,3,0,2,0,1,0,86,7,19,5,7,48,166,1,48,68,34,15,252,8,67,73,41,63
"1937","140145314",1,394,272,2,70,134,50,16,15,0,7,8,0,0,107,9,25,6,14,53,287,2,77,142,50,16,394,11,102,148,64,69
"1938","140911106",1,205,118,2,39,42,22,13,9,0,5,3,1,0,78,5,17,8,11,37,127,2,44,45,23,13,205,7,61,53,34,50
"1939","140146511",1,725,472,9,138,215,87,23,61,1,29,22,8,1,192,58,24,20,33,57,533,10,167,237,95,24,725,68,191,257,128,81
"1940","140148501",1,739,477,9,146,189,103,30,32,0,20,10,2,0,230,43,36,24,51,76,509,9,166,199,105,30,739,52,202,223,156,106
"1941","140145407",1,257,172,0,72,75,20,5,6,0,5,1,0,0,79,2,58,5,2,12,178,0,77,76,20,5,257,2,135,81,22,17
"1942","140145319",1,530,353,11,86,151,79,26,30,0,18,5,3,4,147,28,25,11,25,58,383,11,104,156,82,30,530,39,129,167,107,88
"1943","140146803",1,478,324,0,149,136,26,13,20,0,13,7,0,0,134,5,81,6,13,29,344,0,162,143,26,13,478,5,243,149,39,42
"1944","140147302",1,550,336,9,91,131,90,15,26,1,7,13,4,1,188,29,28,15,28,88,362,10,98,144,94,16,550,39,126,159,122,104
"1945","140146809",1,446,341,0,156,144,32,9,15,0,9,4,2,0,90,7,53,7,4,19,356,0,165,148,34,9,446,7,218,155,38,28
"1946","140145409",1,457,330,1,144,125,47,13,15,1,13,1,0,0,112,10,69,2,11,20,345,2,157,126,47,13,457,12,226,128,58,33
"1947","140148502",1,548,357,11,89,148,84,25,19,0,10,6,2,1,172,26,19,16,35,76,376,11,99,154,86,26,548,37,118,170,121,102
"1948","140146410",1,900,611,19,157,257,121,57,33,0,14,16,2,1,256,36,43,33,45,99,644,19,171,273,123,58,900,55,214,306,168,157
"1949","140146804",1,736,459,1,210,178,44,26,33,0,29,4,0,0,244,10,126,17,15,76,492,1,239,182,44,26,736,11,365,199,59,102
"1950","140147412",1,870,529,13,135,235,106,40,59,2,33,14,10,0,282,55,35,29,53,110,588,15,168,249,116,40,870,70,203,278,169,150
"1951","140911105",1,677,453,11,118,162,119,43,14,2,6,5,1,0,210,38,40,23,29,80,467,13,124,167,120,43,677,51,164,190,149,123
"1952","140145514",1,299,178,2,63,69,33,11,23,0,15,8,0,0,98,6,44,4,9,35,201,2,78,77,33,11,299,8,122,81,42,46
"1953","141400209",1,114,88,2,30,30,22,4,0,0,0,0,0,0,26,2,11,6,4,3,88,2,30,30,22,4,114,4,41,36,26,7
"1954","140770106",1,120,59,6,12,23,12,6,2,0,2,0,0,0,59,10,10,8,10,21,61,6,14,23,12,6,120,16,24,31,22,27
"1955","140146811",1,221,158,1,59,59,28,11,13,1,9,3,0,0,50,9,18,1,11,11,171,2,68,62,28,11,221,11,86,63,39,22
"1956","140146711",1,788,469,0,227,157,57,28,29,0,21,5,2,1,290,13,190,11,17,59,498,0,248,162,59,29,788,13,438,173,76,88
"1957","140145410",1,347,233,2,86,102,29,14,15,1,7,4,3,0,99,6,44,7,11,31,248,3,93,106,32,14,347,9,137,113,43,45
"1958","140145318",1,493,295,4,64,127,76,24,20,0,13,3,3,1,178,16,36,13,24,89,315,4,77,130,79,25,493,20,113,143,103,114
"1959","140910916",1,899,624,29,180,277,104,34,51,5,20,17,9,0,224,68,26,31,43,56,675,34,200,294,113,34,899,102,226,325,156,90
"1960","140911109",1,392,241,7,62,105,47,20,6,0,2,0,3,1,145,18,13,20,24,70,247,7,64,105,50,21,392,25,77,125,74,91
"1961","140147303",1,525,333,9,85,144,73,22,34,2,12,13,7,0,158,27,18,14,21,78,367,11,97,157,80,22,525,38,115,171,101,100
"1962","140146808",1,145,94,1,40,39,10,4,6,0,5,1,0,0,45,2,26,0,2,15,100,1,45,40,10,4,145,3,71,40,12,19
"1963","140146411",1,741,470,10,132,205,107,16,39,3,19,15,1,1,232,46,29,28,49,80,509,13,151,220,108,17,741,59,180,248,157,97
"1964","140145516",1,322,221,1,94,91,21,14,23,0,18,5,0,0,78,1,50,4,7,16,244,1,112,96,21,14,322,2,162,100,28,30
"1965","140148503",1,574,348,8,58,167,81,34,18,0,12,5,0,1,208,35,31,17,20,105,366,8,70,172,81,35,574,43,101,189,101,140
"1966","140145408",1,339,213,1,95,82,22,13,18,1,9,5,2,1,108,3,62,7,6,30,231,2,104,87,24,14,339,5,166,94,30,44
"1967","140146213",1,746,429,10,126,199,70,24,45,5,17,19,4,0,272,58,37,14,53,110,474,15,143,218,74,24,746,73,180,232,127,134
"1968","140146512",1,734,503,7,159,212,99,26,17,0,11,6,0,0,214,21,47,17,42,87,520,7,170,218,99,26,734,28,217,235,141,113
"1969","140146807",1,279,213,2,83,92,30,6,6,0,4,2,0,0,60,3,25,5,3,24,219,2,87,94,30,6,279,5,112,99,33,30
"1970","140145518",1,270,164,1,77,47,35,4,7,0,6,1,0,0,99,10,41,10,9,29,171,1,83,48,35,4,270,11,124,58,44,33
"1971","140147407",1,812,482,24,120,206,102,30,27,1,14,9,3,0,303,53,35,46,52,117,509,25,134,215,105,30,812,78,169,261,157,147
"1972","140145317",1,443,285,2,73,110,82,18,9,0,6,3,0,0,149,18,23,13,22,73,294,2,79,113,82,18,443,20,102,126,104,91
"1973","140147408",1,826,475,16,147,209,85,18,38,1,19,14,2,2,313,58,56,36,57,106,513,17,166,223,87,20,826,75,222,259,144,126
"1974","140148504",1,702,437,10,114,192,91,30,38,0,13,15,6,4,227,30,25,15,42,115,475,10,127,207,97,34,702,40,152,222,139,149
"1975","140146812",1,366,257,9,98,105,36,9,13,0,6,5,2,0,96,13,39,13,9,22,270,9,104,110,38,9,366,22,143,123,47,31
"1976","140147509",1,985,686,36,212,250,156,32,46,3,18,15,10,0,253,63,49,51,43,47,732,39,230,265,166,32,985,102,279,316,209,79
"1977","140146513",1,507,298,5,91,130,59,13,31,1,13,8,8,1,178,35,27,19,22,75,329,6,104,138,67,14,507,41,131,157,89,89
"1978","140146806",1,476,335,2,156,143,24,10,9,0,8,1,0,0,132,4,82,10,3,33,344,2,164,144,24,10,476,6,246,154,27,43
"1979","140146710",1,386,228,0,138,56,21,13,26,0,23,2,1,0,132,5,100,5,7,15,254,0,161,58,22,13,386,5,261,63,29,28
"1980","140145515",1,118,82,1,29,24,10,18,8,0,5,3,0,0,28,0,16,0,4,8,90,1,34,27,10,18,118,1,50,27,14,26
"1981","140911107",1,259,172,1,44,74,31,22,5,0,2,1,1,1,82,8,15,4,12,43,177,1,46,75,32,23,259,9,61,79,44,66
"1982","140146813",1,252,174,0,58,80,26,10,6,0,5,1,0,0,72,8,20,7,7,30,180,0,63,81,26,10,252,8,83,88,33,40
"1983","140140809",1,1262,812,33,270,345,133,31,59,3,32,16,7,1,391,98,96,91,51,55,871,36,302,361,140,32,1262,134,398,452,191,87
"1984","140148401",1,743,466,9,117,220,88,32,27,0,16,10,1,0,250,51,29,21,40,109,493,9,133,230,89,32,743,60,162,251,129,141
"1985","140146805",1,197,130,0,64,46,16,4,8,0,7,1,0,0,59,0,45,2,2,10,138,0,71,47,16,4,197,0,116,49,18,14
"1986","140140810",1,1036,571,22,209,225,95,20,75,6,33,26,10,0,390,101,94,92,48,55,646,28,242,251,105,20,1036,129,336,343,153,75
"1987","140145316",1,406,264,1,63,130,58,12,7,1,1,2,2,1,135,25,23,13,18,56,271,2,64,132,60,13,406,27,87,145,78,69
"1988","140145517",1,568,301,1,175,95,21,9,29,0,25,3,1,0,238,3,196,11,8,20,330,1,200,98,22,9,568,4,396,109,30,29
"1989","140148601",1,659,372,26,151,137,56,2,54,9,26,13,6,0,233,77,67,39,28,22,426,35,177,150,62,2,659,112,244,189,90,24
"1990","140145412",1,413,273,3,138,93,28,11,15,0,14,1,0,0,125,6,78,5,8,28,288,3,152,94,28,11,413,9,230,99,36,39
"1991","140148602",1,502,382,36,123,125,78,20,19,5,8,6,0,0,101,21,25,26,14,15,401,41,131,131,78,20,502,62,156,157,92,35
"1992","140147306",1,627,453,12,121,184,108,28,25,2,13,8,2,0,149,16,22,12,26,73,478,14,134,192,110,28,627,30,156,204,136,101
"1993","140148603",1,735,479,28,162,214,58,17,55,7,24,20,3,1,201,65,39,27,29,41,534,35,186,234,61,18,735,100,225,261,90,59
"1994","140145320",1,333,229,3,61,89,56,20,5,0,2,2,1,0,99,11,24,9,16,39,234,3,63,91,57,20,333,14,87,100,73,59
"1995","140148604",1,896,493,29,189,205,62,8,109,7,54,33,15,0,294,83,79,65,27,40,602,36,243,238,77,8,896,119,322,303,104,48
"1996","140911113",1,416,258,3,55,109,59,32,4,0,0,2,2,0,154,26,22,19,32,55,262,3,55,111,61,32,416,29,77,130,93,87
"1997","140146901",1,376,234,3,119,74,31,7,12,0,10,2,0,0,130,1,92,8,9,20,246,3,129,76,31,7,376,4,221,84,40,27
"1998","140910917",1,569,382,13,94,181,70,24,18,1,4,8,5,0,169,41,24,33,26,45,400,14,98,189,75,24,569,55,122,222,101,69
"1999","140148402",1,743,431,3,117,193,96,22,13,0,5,8,0,0,299,49,37,25,49,139,444,3,122,201,96,22,743,52,159,226,145,161
"2000","140146814",1,590,373,2,136,163,55,17,15,0,11,4,0,0,202,18,93,24,14,53,388,2,147,167,55,17,590,20,240,191,69,70
"2001","140147305",1,551,357,6,86,160,76,29,16,1,7,4,4,0,178,35,25,17,31,70,373,7,93,164,80,29,551,42,118,181,111,99
"2002","140146902",1,202,107,0,55,40,10,2,12,0,7,2,2,1,83,0,73,4,2,4,119,0,62,42,12,3,202,0,135,46,14,7
"2003","140147101",1,337,171,1,52,52,41,25,19,0,12,3,3,1,147,10,81,7,9,40,190,1,64,55,44,26,337,11,145,62,53,66
"2004","140146514",1,1049,674,18,182,302,122,50,62,6,30,18,6,2,313,60,50,28,54,121,736,24,212,320,128,52,1049,84,262,348,182,173
"2005","140147508",1,779,451,16,146,191,79,19,40,2,18,17,2,1,288,67,66,58,60,37,491,18,164,208,81,20,779,85,230,266,141,57
"2006","140145519",1,491,287,0,143,103,22,19,20,0,13,6,1,0,184,4,130,5,7,38,307,0,156,109,23,19,491,4,286,114,30,57
"2007","140145411",1,232,161,0,73,60,18,10,13,0,11,2,0,0,58,2,38,2,10,6,174,0,84,62,18,10,232,2,122,64,28,16
"2008","140148404",1,518,329,6,80,149,80,14,22,2,10,7,3,0,167,28,27,10,43,59,351,8,90,156,83,14,518,36,117,166,126,73
"2009","140147102",1,633,341,0,192,117,24,8,35,0,33,2,0,0,257,5,215,12,5,20,376,0,225,119,24,8,633,5,440,131,29,28
"2010","140145315",1,622,442,2,123,183,119,15,12,0,8,2,2,0,168,32,50,8,25,53,454,2,131,185,121,15,622,34,181,193,146,68
"2011","140147411",1,917,510,24,160,208,96,22,67,2,37,13,14,1,340,70,54,51,55,110,577,26,197,221,110,23,917,96,251,272,165,133
"2012","140145413",1,684,386,0,200,133,38,15,33,0,27,4,0,2,265,8,175,5,20,57,419,0,227,137,38,17,684,8,402,142,58,74
"2013","140146515",1,397,265,10,62,127,55,11,16,1,6,7,1,1,116,25,18,14,12,47,281,11,68,134,56,12,397,36,86,148,68,59
"2014","140146904",1,380,245,0,130,68,29,18,19,0,16,2,0,1,116,2,86,4,10,14,264,0,146,70,29,19,380,2,232,74,39,33
"2015","140147103",1,514,270,0,147,86,29,8,18,0,15,2,1,0,226,6,164,4,15,37,288,0,162,88,30,8,514,6,326,92,45,45
"2016","140148405",1,762,514,15,99,285,90,25,37,1,17,11,6,2,211,43,32,26,33,77,551,16,116,296,96,27,762,59,148,322,129,104
"2017","140911108",1,408,234,4,58,111,51,10,15,0,3,8,3,1,159,11,53,11,14,70,249,4,61,119,54,11,408,15,114,130,68,81
"2018","140146903",1,372,164,1,81,51,16,15,23,0,14,4,2,3,185,6,105,8,4,62,187,1,95,55,18,18,372,7,200,63,22,80
"2019","140146907",1,474,358,9,107,151,63,28,20,1,10,7,2,0,96,22,19,14,14,27,378,10,117,158,65,28,474,32,136,172,79,55
"2020","140145414",1,410,257,0,150,73,27,7,11,0,10,1,0,0,142,3,112,2,2,23,268,0,160,74,27,7,410,3,272,76,29,30
"2021","140147413",1,559,348,13,90,150,74,21,19,0,10,7,1,1,192,25,22,38,24,83,367,13,100,157,75,22,559,38,122,195,99,105
"2022","140148508",1,1076,670,18,193,284,143,32,55,4,21,21,8,1,351,57,46,43,61,144,725,22,214,305,151,33,1076,79,260,348,212,177
"2023","140147104",1,606,327,1,212,70,25,19,24,0,23,0,0,1,255,4,205,6,12,28,351,1,235,70,25,20,606,5,440,76,37,48
"2024","140148509",1,1172,772,17,255,286,205,9,55,1,28,14,11,1,345,74,87,33,71,80,827,18,283,300,216,10,1172,92,370,333,287,90
"2025","141260101",1,107,57,3,9,26,13,6,1,0,0,1,0,0,49,7,8,7,13,14,58,3,9,27,13,6,107,10,17,34,26,20
"2026","140146906",1,519,329,6,114,131,59,19,37,3,19,9,6,0,153,19,37,19,20,58,366,9,133,140,65,19,519,28,170,159,85,77
"2027","140911116",1,393,231,2,70,101,44,14,25,1,9,10,5,0,137,13,25,15,30,54,256,3,79,111,49,14,393,16,104,126,79,68
"2028","140911114",1,424,253,1,90,103,48,11,7,0,3,2,2,0,164,26,26,10,29,73,260,1,93,105,50,11,424,27,119,115,79,84
"2029","140148406",1,476,338,11,78,137,78,34,11,1,5,2,2,1,127,21,22,18,26,40,349,12,83,139,80,35,476,33,105,157,106,75
"2030","140145415",1,392,247,0,147,76,19,5,25,0,21,1,1,2,120,2,97,6,5,10,272,0,168,77,20,7,392,2,265,83,25,17
"2031","140147111",1,469,255,1,122,70,36,26,19,0,18,1,0,0,195,11,115,11,11,47,274,1,140,71,36,26,469,12,255,82,47,73
"2032","140147105",1,448,238,0,149,71,12,6,24,0,21,2,0,1,186,3,157,5,4,17,262,0,170,73,12,7,448,3,327,78,16,24
"2033","140147304",1,570,400,8,112,164,78,38,6,0,5,0,1,0,164,25,26,20,20,73,406,8,117,164,79,38,570,33,143,184,99,111
"2034","140146516",1,771,496,15,136,226,95,24,55,1,30,19,3,2,220,44,34,23,35,84,551,16,166,245,98,26,771,60,200,268,133,110
"2035","140148506",1,822,551,12,137,238,130,34,30,0,18,7,4,1,241,36,34,26,41,104,581,12,155,245,134,35,822,48,189,271,175,139
"2036","140148507",1,570,340,8,82,149,65,36,20,0,14,4,2,0,210,34,27,24,24,101,360,8,96,153,67,36,570,42,123,177,91,137
"2037","140147106",1,595,332,2,177,104,38,11,27,0,21,6,0,0,236,1,177,8,10,40,359,2,198,110,38,11,595,3,375,118,48,51
"2038","140145416",1,325,195,2,124,56,13,0,16,0,14,1,1,0,114,1,104,3,0,6,211,2,138,57,14,0,325,3,242,60,14,6
"2039","140147110",1,663,346,1,214,97,25,9,29,0,25,3,1,0,288,1,253,6,10,18,375,1,239,100,26,9,663,2,492,106,36,27
"2040","140147308",1,521,344,10,89,143,77,25,23,1,10,8,4,0,154,30,25,18,23,58,367,11,99,151,81,25,521,41,124,169,104,83
"2041","140147410",1,635,383,7,87,177,79,33,32,2,16,8,5,1,220,40,47,18,34,81,415,9,103,185,84,34,635,49,150,203,118,115
"2042","140147310",1,477,288,2,72,122,76,16,16,1,9,3,3,0,173,32,23,16,37,65,304,3,81,125,79,16,477,35,104,141,116,81
"2043","140147409",1,652,392,12,96,161,98,25,34,4,14,12,2,2,226,24,26,25,37,114,426,16,110,173,100,27,652,40,136,198,137,141
"2044","140911115",1,489,295,4,89,101,79,22,11,0,7,1,3,0,183,18,34,10,31,90,306,4,96,102,82,22,489,22,130,112,113,112
"2045","140146905",1,506,303,3,149,107,34,10,18,0,13,4,1,0,185,14,109,14,13,35,321,3,162,111,35,10,506,17,271,125,48,45
"2046","140147201",1,1028,538,2,302,168,57,9,64,0,55,6,3,0,426,6,334,22,18,46,602,2,357,174,60,9,1028,8,691,196,78,55
"2047","140147001",1,474,248,1,134,80,23,10,21,0,18,3,0,0,205,4,172,3,11,15,269,1,152,83,23,10,474,5,324,86,34,25
"2048","140148505",1,799,482,5,126,198,115,38,49,1,22,12,10,4,268,56,33,21,53,105,531,6,148,210,125,42,799,62,181,231,178,147
"2049","140147511",1,906,521,17,163,214,111,16,57,2,25,22,7,1,328,57,59,54,59,99,578,19,188,236,118,17,906,76,247,290,177,116
"2050","141400301",1,1012,622,25,211,295,87,4,40,6,23,6,5,0,350,118,62,88,32,50,662,31,234,301,92,4,1012,149,296,389,124,54
"2051","140147307",1,405,287,18,119,98,45,7,39,7,11,21,0,0,79,12,24,10,5,28,326,25,130,119,45,7,405,37,154,129,50,35
"2052","140147311",1,488,319,7,66,153,69,24,18,1,13,1,3,0,151,15,25,16,27,68,337,8,79,154,72,24,488,23,104,170,99,92
"2053","140147109",1,723,360,2,253,85,18,2,47,0,44,2,1,0,316,3,283,6,4,20,407,2,297,87,19,2,723,5,580,93,23,22
"2054","140147202",1,1247,678,2,375,230,58,13,63,0,59,3,1,0,506,14,411,24,19,38,741,2,434,233,59,13,1247,16,845,257,78,51
"2055","140147510",1,976,597,22,177,261,113,24,65,5,37,11,11,1,314,63,39,54,53,105,662,27,214,272,124,25,976,90,253,326,177,130
"2056","140147414",1,700,418,10,93,189,99,27,31,0,17,8,5,1,251,41,38,24,33,115,449,10,110,197,104,28,700,51,148,221,137,143
"2057","140147513",1,1185,731,38,258,289,117,29,63,8,21,25,7,2,391,84,88,86,69,64,794,46,279,314,124,31,1185,130,367,400,193,95
"2058","140147512",1,803,505,34,162,199,85,25,50,6,29,13,2,0,248,48,51,52,32,65,555,40,191,212,87,25,803,88,242,264,119,90
"2059","140147002",1,489,275,0,130,110,25,10,19,0,18,1,0,0,195,5,139,8,8,35,294,0,148,111,25,10,489,5,287,119,33,45
"2060","140147309",1,745,477,5,115,233,97,27,42,0,15,14,11,2,226,56,30,18,32,90,519,5,130,247,108,29,745,61,160,265,140,119
"2061","140148606",1,893,513,20,146,243,83,21,71,8,35,18,8,2,309,97,69,52,37,54,584,28,181,261,91,23,893,125,250,313,128,77
"2062","140148403",1,687,441,16,87,205,94,39,26,1,14,5,5,1,220,33,21,21,25,120,467,17,101,210,99,40,687,50,122,231,124,160
"2063","140147108",1,436,234,0,142,61,24,7,14,0,9,4,0,1,188,2,136,5,10,35,248,0,151,65,24,8,436,2,287,70,34,43
"2064","140148605",1,1048,642,37,213,295,87,10,95,4,52,25,10,4,311,103,54,55,46,53,737,41,265,320,97,14,1048,144,319,375,143,67
"2065","140911118",1,464,262,4,73,84,85,16,19,1,7,6,5,0,183,19,32,21,35,76,281,5,80,90,90,16,464,24,112,111,125,92
"2066","140147203",1,1057,612,3,370,178,54,7,51,0,40,7,4,0,394,8,302,20,17,47,663,3,410,185,58,7,1057,11,712,205,75,54
"2067","141470206",1,134,84,6,24,31,18,5,4,0,2,2,0,0,46,8,10,12,8,8,88,6,26,33,18,5,134,14,36,45,26,13
"2068","140148101",1,429,210,0,130,59,16,5,23,0,19,3,1,0,196,0,177,1,8,10,233,0,149,62,17,5,429,0,326,63,25,15
"2069","140146908",1,598,390,10,127,158,75,20,52,6,24,13,7,2,156,36,20,21,31,48,442,16,151,171,82,22,598,52,171,192,113,70
"2070","140146911",1,847,568,10,250,231,58,19,40,0,28,9,3,0,239,17,126,19,20,57,608,10,278,240,61,19,847,27,404,259,81,76
"2071","140147107",1,725,364,1,235,88,26,14,44,0,41,3,0,0,317,8,253,12,12,32,408,1,276,91,26,14,725,9,529,103,38,46
"2072","140148510",1,1020,644,19,190,255,145,35,48,4,27,9,8,0,328,46,53,39,67,123,692,23,217,264,153,35,1020,69,270,303,220,158
"2073","140147204",1,983,588,1,343,201,34,9,52,0,43,7,2,0,343,3,306,9,12,13,640,1,386,208,36,9,983,4,692,217,48,22
"2074","140147004",1,335,163,2,60,64,22,15,16,0,13,1,2,0,156,4,97,4,8,43,179,2,73,65,24,15,335,6,170,69,32,58
"2075","140148012",1,460,291,1,61,119,76,34,5,0,3,1,1,0,164,31,46,11,17,59,296,1,64,120,77,34,460,32,110,131,94,93
"2076","140911201",1,744,491,14,134,210,105,28,29,0,15,10,4,0,224,35,36,23,29,101,520,14,149,220,109,28,744,49,185,243,138,129
"2077","140148609",1,686,359,20,127,152,53,7,53,4,25,18,6,0,274,103,68,64,19,20,412,24,152,170,59,7,686,127,220,234,78,27
"2078","140146912",1,322,225,0,127,57,34,7,19,0,14,3,2,0,78,1,42,3,6,26,244,0,141,60,36,7,322,1,183,63,42,33
"2079","140148608",1,739,485,34,122,236,73,20,25,6,9,9,1,0,229,63,36,56,27,47,510,40,131,245,74,20,739,103,167,301,101,67
"2080","140147207",1,1088,585,2,370,154,43,16,67,1,61,3,2,0,436,4,380,8,11,33,652,3,431,157,45,16,1088,7,811,165,56,49
"2081","140147312",1,481,333,8,96,120,87,22,19,0,13,3,3,0,129,20,15,11,30,53,352,8,109,123,90,22,481,28,124,134,120,75
"2082","140148407",1,434,288,1,61,135,68,23,8,1,4,2,1,0,138,21,21,12,31,53,296,2,65,137,69,23,434,23,86,149,100,76
"2083","140147003",1,617,313,1,177,85,34,16,28,0,23,3,1,1,276,3,218,6,9,40,341,1,200,88,35,17,617,4,418,94,44,57
"2084","140148514",1,930,567,13,136,291,104,23,53,5,22,21,4,1,310,74,43,35,61,97,620,18,158,312,108,24,930,92,201,347,169,121
"2085","140148102",1,537,239,1,139,69,23,7,40,0,33,5,2,0,258,4,219,8,7,20,279,1,172,74,25,7,537,5,391,82,32,27
"2086","140147313",1,528,338,8,80,144,79,27,20,1,11,4,2,2,170,31,25,14,35,65,358,9,91,148,81,29,528,40,116,162,116,94
"2087","140146909",1,355,254,5,83,119,40,7,13,0,12,1,0,0,88,15,46,8,7,12,267,5,95,120,40,7,355,20,141,128,47,19
"2088","140147206",1,940,505,1,273,146,52,33,38,0,38,0,0,0,397,9,307,15,21,45,543,1,311,146,52,33,940,10,618,161,73,78
"2089","140147801",1,874,516,9,153,211,107,36,59,1,26,22,10,0,299,60,54,42,58,85,575,10,179,233,117,36,874,70,233,275,175,121
"2090","140147418",1,618,422,8,96,177,89,52,23,1,7,7,8,0,173,25,30,16,28,74,445,9,103,184,97,52,618,34,133,200,125,126
"2091","140147415",1,806,403,8,98,175,108,14,103,8,53,24,12,6,300,48,44,31,43,134,506,16,151,199,120,20,806,64,195,230,163,154
"2092","141400608",1,122,91,3,28,37,18,5,2,1,1,0,0,0,29,10,5,9,3,2,93,4,29,37,18,5,122,14,34,46,21,7
"2093","140148103",1,947,495,0,292,142,41,20,52,0,44,7,1,0,400,3,323,12,13,49,547,0,336,149,42,20,947,3,659,161,55,69
"2094","140147007",1,413,240,0,151,52,31,6,19,0,15,4,0,0,154,1,131,7,5,10,259,0,166,56,31,6,413,1,297,63,36,16
"2095","140148410",1,565,334,3,68,165,71,27,21,0,11,8,2,0,210,22,33,14,28,113,355,3,79,173,73,27,565,25,112,187,101,140
"2096","140148108",1,457,240,2,106,77,28,27,19,0,17,1,1,0,198,8,145,5,7,33,259,2,123,78,29,27,457,10,268,83,36,60
"2097","141190202",1,60,34,3,8,15,7,1,7,0,2,2,2,1,19,4,2,3,4,6,41,3,10,17,9,2,60,7,12,20,13,8
"2098","140147205",1,433,263,1,132,90,27,13,29,0,23,3,3,0,141,4,94,5,10,28,292,1,155,93,30,13,433,5,249,98,40,41
"2099","140146910",1,452,333,8,99,150,59,17,18,1,7,6,4,0,101,15,19,10,12,45,351,9,106,156,63,17,452,24,125,166,75,62
"2100","140147417",1,629,383,7,88,161,103,24,15,2,6,3,3,1,231,33,19,24,37,118,398,9,94,164,106,25,629,42,113,188,143,143
"2101","140146913",1,138,90,0,58,25,6,1,3,0,2,1,0,0,45,1,29,10,1,4,93,0,60,26,6,1,138,1,89,36,7,5
"2102","140147802",1,456,289,6,85,118,53,27,15,0,9,3,3,0,152,25,27,23,22,55,304,6,94,121,56,27,456,31,121,144,78,82
"2103","140148104",1,915,504,2,287,166,42,7,46,0,41,4,1,0,365,1,305,15,10,34,550,2,328,170,43,7,915,3,633,185,53,41
"2104","140148513",1,923,561,23,185,228,107,18,36,2,14,15,3,2,326,84,57,54,55,76,597,25,199,243,110,20,923,109,256,297,165,96
"2105","140147006",1,580,341,1,202,98,24,16,24,0,21,3,0,0,215,3,175,4,8,25,365,1,223,101,24,16,580,4,398,105,32,41
"2106","140148107",1,434,215,0,88,85,32,10,22,1,18,3,0,0,197,4,147,8,8,30,237,1,106,88,32,10,434,5,253,96,40,40
"2107","140146914",1,551,310,0,195,99,15,1,38,0,35,3,0,0,203,2,177,5,4,15,348,0,230,102,15,1,551,2,407,107,19,16
"2108","140148303",1,691,456,10,132,198,93,23,34,0,15,16,3,0,201,38,35,25,31,72,490,10,147,214,96,23,691,48,182,239,127,95
"2109","140147814",1,811,608,3,188,309,76,32,16,0,6,8,2,0,187,25,39,15,24,84,624,3,194,317,78,32,811,28,233,332,102,116
"2110","140148105",1,887,478,0,258,133,71,16,41,0,38,2,1,0,368,7,287,6,19,49,519,0,296,135,72,16,887,7,583,141,91,65
"2111","140148302",1,751,467,7,121,225,82,32,42,3,16,16,6,1,242,23,46,30,36,107,509,10,137,241,88,33,751,33,183,271,124,140
"2112","140148301",1,686,437,12,105,199,97,24,34,3,18,9,4,0,215,30,43,15,35,92,471,15,123,208,101,24,686,45,166,223,136,116
"2113","140147803",1,605,392,6,104,161,102,19,26,2,13,7,2,2,187,41,24,30,35,57,418,8,117,168,104,21,605,49,141,198,139,78
"2114","140148607",1,975,601,33,198,231,110,29,63,5,27,22,9,0,311,67,62,46,57,79,664,38,225,253,119,29,975,105,287,299,176,108
"2115","140147416",1,579,379,8,115,134,95,27,21,0,10,6,5,0,179,28,29,17,27,78,400,8,125,140,100,27,579,36,154,157,127,105
"2116","140147514",1,1296,754,37,263,298,136,20,124,14,54,28,23,5,418,121,89,67,57,84,878,51,317,326,159,25,1296,172,406,393,216,109
"2117","140147517",1,885,531,13,142,239,108,29,43,1,21,12,8,1,311,62,45,40,57,107,574,14,163,251,116,30,885,76,208,291,173,137
"2118","140147005",1,559,307,0,151,99,31,26,20,1,18,1,0,0,232,3,180,7,8,34,327,1,169,100,31,26,559,4,349,107,39,60
"2119","140140811",1,1052,602,27,179,251,110,35,58,3,27,17,10,1,392,79,79,79,68,87,660,30,206,268,120,36,1052,109,285,347,188,123
"2120","140148511",1,1029,664,29,208,279,119,29,61,3,24,25,4,5,304,86,66,51,40,61,725,32,232,304,123,34,1029,118,298,355,163,95
"2121","140147515",1,1144,673,18,217,264,152,22,94,7,53,24,9,1,377,88,54,75,55,105,767,25,270,288,161,23,1144,113,324,363,216,128
"2122","140147516",1,791,506,21,167,182,106,30,31,3,14,10,2,2,254,59,46,42,33,74,537,24,181,192,108,32,791,83,227,234,141,106
"2123","140148305",1,503,311,5,87,138,59,22,24,3,7,5,5,4,168,23,30,29,22,64,335,8,94,143,64,26,503,31,124,172,86,90
"2124","140148409",1,660,383,3,99,189,80,12,17,1,9,3,4,0,260,44,45,20,38,113,400,4,108,192,84,12,660,48,153,212,122,125
"2125","140148106",1,1130,601,1,273,214,82,31,45,0,35,9,1,0,484,6,381,11,18,68,646,1,308,223,83,31,1130,7,689,234,101,99
"2126","140147008",1,463,234,0,145,67,16,6,23,0,20,3,0,0,206,3,171,9,7,16,257,0,165,70,16,6,463,3,336,79,23,22
"2127","140148515",1,526,302,4,72,140,70,16,23,1,8,9,5,0,201,29,25,14,34,99,325,5,80,149,75,16,526,34,105,163,109,115
"2128","141400213",1,218,149,2,48,70,24,5,11,2,7,2,0,0,58,6,6,7,9,30,160,4,55,72,24,5,218,10,61,79,33,35
"2129","140148109",1,429,228,0,87,79,37,25,19,0,15,4,0,0,182,6,100,10,8,58,247,0,102,83,37,25,429,6,202,93,45,83
"2130","140148412",1,634,360,5,99,144,86,26,15,0,8,3,4,0,259,27,28,23,44,137,375,5,107,147,90,26,634,32,135,170,134,163
"2131","140148408",1,582,376,10,72,180,71,43,19,0,8,9,1,1,187,30,38,19,32,68,395,10,80,189,72,44,582,40,118,208,104,112
"2132","140148310",1,425,296,4,124,116,33,19,19,0,12,5,1,1,110,8,69,10,8,15,315,4,136,121,34,20,425,12,205,131,42,35
"2133","140911202",1,526,357,10,85,153,75,34,11,0,5,2,3,1,158,23,19,14,23,79,368,10,90,155,78,35,526,33,109,169,101,114
"2134","140147009",1,399,236,0,135,74,21,6,21,0,14,4,1,2,142,3,116,6,6,11,257,0,149,78,22,8,399,3,265,84,28,19
"2135","140147813",1,529,334,4,88,149,76,17,13,0,9,2,2,0,182,26,33,12,22,89,347,4,97,151,78,17,529,30,130,163,100,106
"2136","140148201",1,532,289,0,169,81,27,12,26,0,23,2,1,0,217,6,171,3,13,24,315,0,192,83,28,12,532,6,363,86,41,36
"2137","141400615",1,372,244,13,57,111,53,10,11,1,5,3,2,0,117,38,15,19,16,29,255,14,62,114,55,10,372,52,77,133,71,39
"2138","140147701",1,867,576,16,155,250,111,44,47,3,24,10,9,1,244,35,45,26,36,102,623,19,179,260,120,45,867,54,224,286,156,147
"2139","140148411",1,607,377,9,69,171,78,50,30,4,9,13,2,2,200,27,21,16,26,110,407,13,78,184,80,52,607,40,99,200,106,162
"2140","140147812",1,751,472,2,103,228,111,28,18,0,11,7,0,0,261,46,65,24,32,94,490,2,114,235,111,28,751,48,179,259,143,122
"2141","140147804",1,685,375,8,110,161,81,15,42,0,20,16,2,4,268,55,43,38,35,97,417,8,130,177,83,19,685,63,173,215,118,116
"2142","140770104",1,65,26,1,7,10,6,2,4,0,3,1,0,0,35,6,10,7,5,7,30,1,10,11,6,2,65,7,20,18,11,9
"2143","140148306",1,447,289,8,100,114,50,17,32,3,11,12,4,2,126,17,14,14,24,57,321,11,111,126,54,19,447,28,125,140,78,76
"2144","140147010",1,528,262,0,172,58,25,7,29,0,25,4,0,0,237,0,207,4,8,18,291,0,197,62,25,7,528,0,404,66,33,25
"2145","140148309",1,686,430,4,169,179,55,23,30,1,21,6,1,1,226,20,88,26,33,59,460,5,190,185,56,24,686,25,278,211,89,83
"2146","140147702",1,616,378,3,112,179,74,10,35,3,15,11,4,2,203,45,38,24,39,57,413,6,127,190,78,12,616,51,165,214,117,69
"2147","140148110",1,412,241,3,82,88,49,19,23,0,20,2,1,0,148,14,72,13,13,36,264,3,102,90,50,19,412,17,174,103,63,55
"2148","140148202",1,654,361,0,226,110,14,11,39,0,36,3,0,0,254,4,216,5,9,20,400,0,262,113,14,11,654,4,478,118,23,31
"2149","140148307",1,755,493,8,135,242,87,21,51,4,28,13,4,2,211,48,47,17,24,75,544,12,163,255,91,23,755,60,210,272,115,98
"2150","140911203",1,613,352,5,93,153,76,25,11,0,4,6,1,0,250,30,46,33,50,91,363,5,97,159,77,25,613,35,143,192,127,116
"2151","140147805",1,644,381,8,101,171,76,25,28,2,14,6,5,1,235,32,32,31,40,100,409,10,115,177,81,26,644,42,147,208,121,126
"2152","140147703",1,599,356,9,92,143,90,22,20,2,14,3,1,0,223,48,31,37,32,75,376,11,106,146,91,22,599,59,137,183,123,97
"2153","140148516",1,693,406,8,94,193,88,23,16,0,7,7,2,0,271,35,39,29,33,135,422,8,101,200,90,23,693,43,140,229,123,158
"2154","140147011",1,371,168,0,90,55,13,10,21,0,18,3,0,0,182,0,133,4,9,36,189,0,108,58,13,10,371,0,241,62,22,46
"2155","140147811",1,924,568,10,109,257,148,44,22,0,8,11,2,1,334,40,56,23,35,180,590,10,117,268,150,45,924,50,173,291,185,225
"2156","140147704",1,694,429,4,110,178,120,17,27,0,12,10,5,0,238,41,33,28,49,87,456,4,122,188,125,17,694,45,155,216,174,104
"2157","140147806",1,379,227,7,63,105,41,11,14,0,7,5,1,1,138,23,20,11,32,52,241,7,70,110,42,12,379,30,90,121,74,64
"2158","140148203",1,547,259,0,136,73,34,16,29,0,25,2,2,0,259,4,215,2,9,29,288,0,161,75,36,16,547,4,376,77,45,45
"2159","140147809",1,840,516,10,157,191,135,23,57,1,37,12,6,1,267,49,36,33,44,105,573,11,194,203,141,24,840,60,230,236,185,129
"2160","140147705",1,832,575,10,164,213,159,29,15,0,6,6,3,0,242,41,47,27,51,76,590,10,170,219,162,29,832,51,217,246,213,105
"2161","140148611",1,667,431,27,122,187,82,13,28,3,12,12,1,0,208,47,48,38,29,46,459,30,134,199,83,13,667,77,182,237,112,59
"2162","140148612",1,698,408,15,122,181,75,15,39,4,21,12,2,0,251,64,49,34,37,67,447,19,143,193,77,15,698,83,192,227,114,82
"2163","141400302",1,961,620,14,187,311,97,11,27,1,11,11,3,1,314,68,53,55,70,68,647,15,198,322,100,12,961,83,251,377,170,80
"2164","140147706",1,707,443,12,110,213,77,31,36,2,17,9,5,3,228,35,24,22,48,99,479,14,127,222,82,34,707,49,151,244,130,133
"2165","140148209",1,571,290,2,161,94,27,6,23,0,22,1,0,0,258,3,215,7,10,23,313,2,183,95,27,6,571,5,398,102,37,29
"2166","140911223",1,443,289,13,78,139,52,7,22,4,8,7,2,1,132,39,29,27,14,23,311,17,86,146,54,8,443,56,115,173,68,31
"2167","140148204",1,934,473,0,235,137,75,26,29,0,28,1,0,0,432,8,324,19,21,60,502,0,263,138,75,26,934,8,587,157,96,86
"2168","140148208",1,1089,556,0,352,151,37,16,61,0,49,11,1,0,472,8,396,13,13,42,617,0,401,162,38,16,1089,8,797,175,51,58
"2169","140148304",1,566,336,15,99,136,59,27,18,0,9,6,2,1,212,22,44,33,42,71,354,15,108,142,61,28,566,37,152,175,103,99
"2170","140148512",1,883,574,22,173,254,93,32,57,4,34,12,7,0,252,55,59,32,47,59,631,26,207,266,100,32,883,81,266,298,147,91
"2171","140140713",1,711,450,34,146,221,45,4,55,7,24,18,6,0,206,77,51,44,19,15,505,41,170,239,51,4,711,118,221,283,70,19
"2172","140147606",1,1893,1160,52,413,457,224,14,175,16,96,37,19,7,558,187,143,113,68,47,1335,68,509,494,243,21,1893,255,652,607,311,68
"2173","140147616",1,1086,650,41,210,264,122,13,74,7,39,18,8,2,362,106,74,84,43,55,724,48,249,282,130,15,1086,154,323,366,173,70
"2174","140147604",1,783,445,11,130,197,89,18,40,3,22,12,3,0,298,61,41,52,51,93,485,14,152,209,92,18,783,75,193,261,143,111
"2175","140147603",1,688,407,10,102,189,88,18,44,4,20,16,3,1,237,54,37,37,43,66,451,14,122,205,91,19,688,68,159,242,134,85
"2176","140147707",1,913,515,4,140,220,127,24,43,2,20,15,4,2,355,57,51,30,52,165,558,6,160,235,131,26,913,63,211,265,183,191
"2177","140147601",1,1116,616,12,173,268,135,28,82,8,35,24,13,2,418,50,56,58,72,182,698,20,208,292,148,30,1116,70,264,350,220,212
"2178","140147602",1,831,459,10,101,212,103,33,44,1,21,12,8,2,328,43,45,51,54,135,503,11,122,224,111,35,831,54,167,275,165,170
"2179","140147815",1,423,274,4,64,138,48,20,16,0,8,8,0,0,133,28,26,8,16,55,290,4,72,146,48,20,423,32,98,154,64,75
"2180","140148206",1,259,141,0,91,33,9,8,17,0,17,0,0,0,101,0,85,3,4,9,158,0,108,33,9,8,259,0,193,36,13,17
"2181","140147816",1,502,320,10,82,129,81,18,15,0,8,5,2,0,167,17,30,7,29,84,335,10,90,134,83,18,502,27,120,141,112,102
"2182","140911207",1,714,456,20,124,191,101,20,31,4,12,12,3,0,227,56,32,34,41,64,487,24,136,203,104,20,714,80,168,237,145,84
"2183","141470104",1,784,481,23,139,218,88,13,37,4,12,16,4,1,266,69,56,54,28,59,518,27,151,234,92,14,784,96,207,288,120,73
"2184","140148610",1,1044,590,20,230,226,99,15,87,8,39,32,7,1,367,98,93,70,42,64,677,28,269,258,106,16,1044,126,362,328,148,80
"2185","140148001",1,405,238,0,111,84,37,6,15,0,14,1,0,0,152,5,112,3,7,25,253,0,125,85,37,6,405,5,237,88,44,31
"2186","140148207",1,563,298,1,183,86,27,1,46,0,41,4,0,1,219,1,186,5,8,19,344,1,224,90,27,2,563,2,410,95,35,21
"2187","140148205",1,337,163,0,102,51,8,2,17,0,15,2,0,0,157,2,129,4,3,19,180,0,117,53,8,2,337,2,246,57,11,21
"2188","140147712",1,719,475,18,140,195,103,19,43,3,23,9,8,0,201,53,42,30,34,42,518,21,163,204,111,19,719,74,205,234,145,61
"2189","140911205",1,780,478,12,116,215,106,29,41,4,25,9,3,0,261,36,28,26,60,111,519,16,141,224,109,29,780,52,169,250,169,140
"2190","140148315",1,497,310,7,74,163,51,15,28,4,12,7,5,0,159,40,31,20,25,43,338,11,86,170,56,15,497,51,117,190,81,58
"2191","140147808",1,666,441,9,106,198,96,32,11,0,4,3,4,0,214,34,38,20,37,85,452,9,110,201,100,32,666,43,148,221,137,117
"2192","140911206",1,453,291,9,74,133,57,18,21,3,9,3,5,1,141,27,13,17,29,55,312,12,83,136,62,19,453,39,96,153,91,74
"2193","140148002",1,373,209,1,104,60,27,17,12,0,9,3,0,0,152,4,121,3,4,20,221,1,113,63,27,17,373,5,234,66,31,37
"2194","140147711",1,551,327,11,79,141,79,17,29,0,10,7,9,3,195,24,26,28,36,81,356,11,89,148,88,20,551,35,115,176,124,101
"2195","140148003",1,326,182,0,120,49,9,4,32,0,29,3,0,0,112,2,98,6,2,4,214,0,149,52,9,4,326,2,247,58,11,8
"2196","140148308",1,501,309,3,77,158,51,20,48,5,23,10,7,3,144,47,22,15,12,48,357,8,100,168,58,23,501,55,122,183,70,71
"2197","141400308",1,840,544,28,179,215,110,12,26,2,15,6,3,0,270,63,48,61,46,52,570,30,194,221,113,12,840,93,242,282,159,64
"2198","140911204",1,717,455,11,114,189,115,26,35,2,21,8,4,0,227,39,36,27,49,76,490,13,135,197,119,26,717,52,171,224,168,102
"2199","140148313",1,656,425,15,143,150,92,25,55,5,29,14,7,0,176,37,23,27,25,64,480,20,172,164,99,25,656,57,195,191,124,89
"2200","140149001",1,554,356,6,142,115,67,26,38,0,25,11,2,0,160,26,79,13,16,26,394,6,167,126,69,26,554,32,246,139,85,52
"2201","140148904",1,951,610,7,150,228,175,50,22,1,8,8,4,1,319,55,67,17,43,137,632,8,158,236,179,51,951,63,225,253,222,188
"2202","140148210",1,369,174,1,106,50,15,2,33,0,30,1,2,0,162,5,135,8,6,8,207,1,136,51,17,2,369,6,271,59,23,10
"2203","141190201",1,36,19,0,4,8,7,0,1,0,1,0,0,0,16,2,1,4,6,3,20,0,5,8,7,0,36,2,6,12,13,3
"2204","140147807",1,728,449,10,103,203,102,31,25,2,13,8,1,1,254,44,35,30,29,116,474,12,116,211,103,32,728,56,151,241,132,148
"2205","140148005",1,473,248,0,127,85,22,14,22,0,19,1,1,1,203,5,143,5,6,44,270,0,146,86,23,15,473,5,289,91,29,59
"2206","140147810",1,725,479,4,133,203,103,36,19,0,7,5,7,0,227,33,39,22,33,100,498,4,140,208,110,36,725,37,179,230,143,136
"2207","140148013",1,332,227,4,67,96,43,17,13,1,11,1,0,0,92,17,17,10,18,30,240,5,78,97,43,17,332,22,95,107,61,47
"2208","140148004",1,307,179,0,113,44,20,2,21,0,21,0,0,0,107,2,92,5,1,7,200,0,134,44,20,2,307,2,226,49,21,9
"2209","141400307",1,729,475,27,149,193,77,29,25,2,14,7,2,0,229,39,36,37,40,77,500,29,163,200,79,29,729,68,199,237,119,106
"2210","140148903",1,920,566,7,139,254,129,37,36,6,17,9,2,2,318,45,48,28,55,142,602,13,156,263,131,39,920,58,204,291,186,181
"2211","140148211",1,376,214,1,159,42,9,3,23,0,22,1,0,0,139,1,126,3,3,6,237,1,181,43,9,3,376,2,307,46,12,9
"2212","140148006",1,654,377,2,172,133,47,23,26,0,26,0,0,0,251,4,186,10,8,43,403,2,198,133,47,23,654,6,384,143,55,66
"2213","140148902",1,483,284,8,77,133,53,13,16,0,9,5,1,1,183,21,22,17,26,97,300,8,86,138,54,14,483,29,108,155,80,111
"2214","140147605",1,782,449,12,139,189,93,16,37,1,17,14,4,1,296,56,34,43,59,104,486,13,156,203,97,17,782,69,190,246,156,121
"2215","140147708",1,713,448,15,102,185,121,25,29,0,14,6,8,1,236,43,40,24,34,95,477,15,116,191,129,26,713,58,156,215,163,121
"2216","140147615",1,669,426,15,121,181,88,21,36,3,16,10,7,0,207,46,41,22,34,64,462,18,137,191,95,21,669,64,178,213,129,85
"2217","141400306",1,622,379,10,112,167,73,17,23,5,8,3,7,0,220,47,31,33,41,68,402,15,120,170,80,17,622,62,151,203,121,85
"2218","140148312",1,753,453,12,148,197,83,13,51,3,28,19,1,0,249,63,45,25,43,73,504,15,176,216,84,13,753,78,221,241,127,86
"2219","140148901",1,629,374,8,76,150,88,52,25,1,16,5,3,0,230,26,26,18,33,127,399,9,92,155,91,52,629,35,118,173,124,179
"2220","140148311",1,623,381,10,100,171,82,18,43,1,24,16,1,1,199,33,26,23,36,81,424,11,124,187,83,19,623,44,150,210,119,100
"2221","140147710",1,753,475,6,129,200,105,35,21,0,7,12,2,0,257,41,38,21,38,119,496,6,136,212,107,35,753,47,174,233,145,154
"2222","140148009",1,366,195,0,112,51,20,12,18,0,17,0,1,0,153,2,124,2,7,18,213,0,129,51,21,12,366,2,253,53,28,30
"2223","140147901",1,794,491,3,131,185,139,33,22,0,15,4,3,0,281,51,53,22,35,120,513,3,146,189,142,33,794,54,199,211,177,153
"2224","140148011",1,552,344,6,67,134,95,42,11,0,7,3,1,0,197,41,45,11,26,74,355,6,74,137,96,42,552,47,119,148,122,116
"2225","140148805",1,328,188,7,49,76,43,13,8,0,3,3,2,0,132,13,14,9,24,72,196,7,52,79,45,13,328,20,66,88,69,85
"2226","140148804",1,637,392,10,89,184,79,30,45,2,15,19,6,3,200,30,28,19,27,96,437,12,104,203,85,33,637,42,132,222,112,129
"2227","140148007",1,273,162,0,73,54,30,5,13,0,8,3,1,1,98,2,73,2,2,19,175,0,81,57,31,6,273,2,154,59,33,25
"2228","140148803",1,743,447,6,117,219,80,25,32,2,19,6,4,1,264,41,45,34,37,107,479,8,136,225,84,26,743,49,181,259,121,133
"2229","140148801",1,593,341,8,85,150,79,19,20,0,13,4,3,0,232,36,25,35,37,99,361,8,98,154,82,19,593,44,123,189,119,118
"2230","141050515",1,603,265,12,79,112,51,11,28,1,10,11,6,0,310,59,54,54,55,88,293,13,89,123,57,11,603,72,143,177,112,99
"2231","140148702",1,689,426,5,140,194,72,15,36,2,20,9,5,0,227,47,42,31,31,76,462,7,160,203,77,15,689,54,202,234,108,91
"2232","140147902",1,696,441,3,113,203,101,21,30,1,20,7,1,1,225,32,21,20,32,120,471,4,133,210,102,22,696,36,154,230,134,142
"2233","140148316",1,401,242,3,55,108,63,13,20,0,13,4,2,1,139,22,16,11,15,75,262,3,68,112,65,14,401,25,84,123,80,89
"2234","140148314",1,704,433,20,110,189,87,27,69,8,31,18,12,0,202,43,33,27,31,68,502,28,141,207,99,27,704,71,174,234,130,95
"2235","140149003",1,527,322,11,104,127,58,22,16,2,10,2,2,0,189,41,26,32,32,58,338,13,114,129,60,22,527,54,140,161,92,80
"2236","140148010",1,392,205,0,133,58,11,3,15,0,13,0,1,1,172,1,153,5,2,11,220,0,146,58,12,4,392,1,299,63,14,15
"2237","140149002",1,602,362,9,133,133,63,24,27,1,14,10,2,0,213,37,71,26,29,50,389,10,147,143,65,24,602,47,218,169,94,74
"2238","141400305",1,782,506,22,141,252,79,12,15,3,7,3,2,0,261,67,46,55,37,56,521,25,148,255,81,12,782,92,194,310,118,68
"2239","140148701",1,829,538,14,148,213,111,52,35,1,16,13,4,1,256,56,40,31,47,82,573,15,164,226,115,53,829,71,204,257,162,135
"2240","140911212",1,427,304,14,54,171,53,12,14,3,3,4,4,0,109,30,15,20,14,30,318,17,57,175,57,12,427,47,72,195,71,42
"2241","140147713",1,1076,611,25,189,240,133,24,63,8,28,18,8,1,402,91,62,59,47,143,674,33,217,258,141,25,1076,124,279,317,188,168
"2242","140911208",1,906,593,42,196,253,79,23,27,6,16,2,3,0,286,74,64,58,39,51,620,48,212,255,82,23,906,122,276,313,121,74
"2243","140148008",1,289,148,3,67,49,19,10,19,0,16,2,1,0,122,4,85,4,8,21,167,3,83,51,20,10,289,7,168,55,28,31
"2244","140147709",1,659,395,11,91,178,86,29,37,1,14,16,5,1,227,36,32,25,37,97,432,12,105,194,91,30,659,48,137,219,128,127
"2245","141400104",1,92,62,2,16,26,16,2,3,0,2,0,1,0,27,5,6,9,3,4,65,2,18,26,17,2,92,7,24,35,20,6
"2246","140148905",1,561,339,4,66,160,75,34,20,0,13,5,2,0,202,32,33,11,41,85,359,4,79,165,77,34,561,36,112,176,118,119
"2247","140148906",1,820,484,9,101,212,119,43,22,0,14,5,3,0,314,51,58,17,35,153,506,9,115,217,122,43,820,60,173,234,157,196
"2248","141400304",1,519,370,11,122,172,61,4,18,0,10,5,2,1,131,36,23,27,20,25,388,11,132,177,63,5,519,47,155,204,83,30
"2249","140147607",1,768,448,12,134,193,89,20,44,2,23,14,3,2,276,62,53,36,45,80,492,14,157,207,92,22,768,76,210,243,137,102
"2250","140147608",1,671,397,10,119,170,84,14,31,3,12,10,4,2,243,46,43,40,49,65,428,13,131,180,88,16,671,59,174,220,137,81
"2251","140147609",1,854,534,9,169,235,106,15,52,1,24,18,8,1,268,57,37,39,52,83,586,10,193,253,114,16,854,67,230,292,166,99
"2252","140148802",1,793,513,19,118,238,102,36,31,0,18,9,3,1,249,56,41,20,49,83,544,19,136,247,105,37,793,75,177,267,154,120
"2253","140147904",1,523,298,5,67,126,80,20,11,0,10,1,0,0,214,27,44,16,31,96,309,5,77,127,80,20,523,32,121,143,111,116
"2254","141400303",1,478,303,3,71,166,54,9,3,0,2,0,1,0,172,24,26,24,34,64,306,3,73,166,55,9,478,27,99,190,89,73
"2255","140148907",1,696,462,13,97,244,92,16,31,1,18,8,3,1,203,73,60,17,21,32,493,14,115,252,95,17,696,87,175,269,116,49
"2256","140148909",1,686,396,9,93,191,88,15,23,0,12,8,3,0,267,42,28,26,28,143,419,9,105,199,91,15,686,51,133,225,119,158
"2257","140148908",1,572,328,4,89,137,81,17,16,1,9,3,2,1,228,45,37,16,37,93,344,5,98,140,83,18,572,50,135,156,120,111
"2258","140147906",1,746,463,5,122,192,122,22,22,0,12,9,1,0,261,25,35,25,36,140,485,5,134,201,123,22,746,30,169,226,159,162
"2259","140147905",1,540,340,1,89,142,84,24,22,1,11,6,4,0,178,28,26,13,26,85,362,2,100,148,88,24,540,30,126,161,114,109
"2260","141400309",1,532,324,5,87,162,57,13,33,4,19,8,1,1,175,44,17,31,30,53,357,9,106,170,58,14,532,53,123,201,88,67
"2261","140140714",1,860,458,39,172,176,59,12,34,1,16,16,1,0,368,133,87,93,31,24,492,40,188,192,60,12,860,173,275,285,91,36
"2262","140147909",1,853,494,5,135,195,126,33,53,1,24,18,8,2,306,27,45,36,75,123,547,6,159,213,134,35,853,33,204,249,209,158
"2263","140148703",1,544,369,27,92,169,66,15,24,2,10,8,3,1,151,36,31,26,29,29,393,29,102,177,69,16,544,65,133,203,98,45
"2264","140147908",1,531,369,13,90,155,70,41,16,0,13,3,0,0,146,19,26,12,28,61,385,13,103,158,70,41,531,32,129,170,98,102
"2265","140148704",1,616,403,22,119,184,68,10,36,2,14,11,8,1,177,32,28,29,22,66,439,24,133,195,76,11,616,56,161,224,98,77
"2266","141400310",1,584,360,6,109,161,65,19,19,1,7,7,3,1,205,36,23,34,31,81,379,7,116,168,68,20,584,43,139,202,99,101
"2267","140149007",1,903,574,21,181,250,101,21,62,4,28,23,7,0,267,55,39,37,52,84,636,25,209,273,108,21,903,80,248,310,160,105
"2268","140911301",1,10,4,0,0,1,3,0,0,0,0,0,0,0,6,1,0,2,2,1,4,0,0,1,3,0,10,1,0,3,5,1
"2269","140148914",1,653,456,10,128,197,111,10,22,0,14,3,5,0,175,55,40,17,34,29,478,10,142,200,116,10,653,65,182,217,150,39
"2270","140147907",1,814,518,4,130,231,131,22,27,1,17,5,3,1,269,34,34,29,55,117,545,5,147,236,134,23,814,39,181,265,189,140
"2271","140149004",1,464,263,3,47,135,55,23,19,0,9,8,1,1,182,27,24,26,28,77,282,3,56,143,56,24,464,30,80,169,84,101
"2272","141400616",1,955,587,22,169,237,136,23,26,2,11,8,5,0,342,67,62,59,58,96,613,24,180,245,141,23,955,91,242,304,199,119
"2273","140911211",1,719,494,21,138,226,87,22,40,3,29,6,2,0,185,57,24,25,26,53,534,24,167,232,89,22,719,81,191,257,115,75
"2274","140149006",1,901,539,25,166,215,114,19,37,0,23,11,3,0,325,78,74,48,45,80,576,25,189,226,117,19,901,103,263,274,162,99
"2275","140147903",1,547,341,12,65,173,73,18,39,0,26,4,8,1,167,23,26,13,23,82,380,12,91,177,81,19,547,35,117,190,104,101
"2276","141401507",1,582,378,17,104,179,66,12,14,3,5,5,0,1,190,45,27,20,29,69,392,20,109,184,66,13,582,65,136,204,95,82
"2277","141400617",1,428,216,2,42,102,50,20,9,0,4,3,2,0,203,28,30,13,39,93,225,2,46,105,52,20,428,30,76,118,91,113
"2278","141400618",1,385,230,7,52,81,65,25,2,0,1,1,0,0,153,15,23,14,23,78,232,7,53,82,65,25,385,22,76,96,88,103
"2279","140147610",1,756,423,13,111,189,86,24,36,2,16,12,5,1,297,40,40,35,55,127,459,15,127,201,91,25,756,55,167,236,146,152
"2280","140149005",1,610,402,14,96,171,87,34,25,3,8,8,4,2,183,36,37,16,23,71,427,17,104,179,91,36,610,53,141,195,114,107
"2281","140147718",1,568,367,5,93,144,87,38,17,1,6,6,4,0,184,26,26,22,33,77,384,6,99,150,91,38,568,32,125,172,124,115
"2282","140911209",1,540,350,18,91,164,62,15,21,0,7,9,5,0,169,36,23,31,36,43,371,18,98,173,67,15,540,54,121,204,103,58
"2283","141470107",1,907,474,10,150,226,82,6,41,2,24,10,5,0,392,103,74,76,86,53,515,12,174,236,87,6,907,115,248,312,173,59
"2284","141400402",1,536,349,9,110,125,90,15,11,0,4,5,1,1,176,28,27,26,61,34,360,9,114,130,91,16,536,37,141,156,152,50
"2285","140147717",1,859,549,30,170,244,88,17,48,5,21,16,5,1,262,65,50,40,45,62,597,35,191,260,93,18,859,100,241,300,138,80
"2286","140148014",1,380,231,5,85,93,38,10,24,0,15,3,6,0,125,33,29,32,14,17,255,5,100,96,44,10,380,38,129,128,58,27
"2287","140147910",1,625,378,12,93,156,86,31,26,3,13,4,6,0,221,41,31,27,37,85,404,15,106,160,92,31,625,56,137,187,129,116
"2288","140147914",1,537,318,11,87,142,64,14,24,1,10,9,3,1,195,47,26,29,29,64,342,12,97,151,67,15,537,59,123,180,96,79
"2289","140148705",1,1095,756,32,243,290,147,44,60,4,33,18,5,0,279,62,47,38,47,85,816,36,276,308,152,44,1095,98,323,346,199,129
"2290","140147916",1,704,442,9,102,211,91,29,18,1,10,4,3,0,244,38,54,29,41,82,460,10,112,215,94,29,704,48,166,244,135,111
"2291","140147716",1,624,398,5,125,141,108,19,28,0,13,6,7,2,198,35,28,24,35,76,426,5,138,147,115,21,624,40,166,171,150,97
"2292","140148809",1,682,404,7,113,188,81,15,29,0,17,9,3,0,249,36,35,27,39,112,433,7,130,197,84,15,682,43,165,224,123,127
"2293","140148808",1,628,393,10,105,164,80,34,29,1,13,10,4,1,206,40,32,17,39,78,422,11,118,174,84,35,628,51,150,191,123,113
"2294","140148807",1,772,495,14,131,217,103,30,29,1,20,1,6,1,248,50,36,23,45,94,524,15,151,218,109,31,772,65,187,241,154,125
"2295","141400619",1,766,454,13,120,200,92,29,12,1,6,4,1,0,300,44,60,43,61,92,466,14,126,204,93,29,766,58,186,247,154,121
"2296","140148806",1,762,419,6,105,198,92,18,32,0,18,7,7,0,311,33,28,30,110,110,451,6,123,205,99,18,762,39,151,235,209,128
"2297","140147612",1,960,593,19,178,248,126,22,70,1,39,19,9,2,297,71,70,53,52,51,663,20,217,267,135,24,960,91,287,320,187,75
"2298","140147715",1,867,471,3,136,214,103,15,63,5,28,24,6,0,333,80,43,44,54,112,534,8,164,238,109,15,867,88,207,282,163,127
"2299","140148910",1,654,447,8,136,200,97,6,35,2,15,13,5,0,172,52,43,21,29,27,482,10,151,213,102,6,654,62,194,234,131,33
"2300","140147920",1,620,382,6,94,165,85,32,22,1,7,13,0,1,216,38,30,18,33,97,404,7,101,178,85,33,620,45,131,196,118,130
"2301","140148913",1,691,497,17,116,276,78,10,42,2,27,10,3,0,152,53,39,13,23,24,539,19,143,286,81,10,691,72,182,299,104,34
"2302","140147919",1,649,408,10,89,202,85,22,35,3,16,10,6,0,206,36,38,17,28,87,443,13,105,212,91,22,649,49,143,229,119,109
"2303","140147918",1,636,423,13,105,173,95,37,11,2,5,4,0,0,202,28,30,20,31,93,434,15,110,177,95,37,636,43,140,197,126,130
"2304","140911210",1,702,475,26,140,188,102,19,39,2,22,9,4,2,188,31,28,33,34,62,514,28,162,197,106,21,702,59,190,230,140,83
"2305","140147613",1,614,387,13,102,171,79,22,32,2,15,8,6,1,195,31,30,32,39,63,419,15,117,179,85,23,614,46,147,211,124,86
"2306","140147915",1,884,520,12,172,222,100,14,55,8,25,17,4,1,309,64,60,46,44,95,575,20,197,239,104,15,884,84,257,285,148,110
"2307","141400311",1,505,293,5,75,134,61,18,13,1,4,7,1,0,199,26,20,22,32,99,306,6,79,141,62,18,505,32,99,163,94,117
"2308","140911213",1,540,347,14,85,151,76,21,18,0,7,3,7,1,175,29,25,29,26,66,365,14,92,154,83,22,540,43,117,183,109,88
"2309","141470106",1,703,417,9,132,174,91,11,23,1,13,6,3,0,263,55,57,38,50,63,440,10,145,180,94,11,703,65,202,218,144,74
"2310","140148706",1,580,370,15,100,158,82,15,39,4,15,11,9,0,171,34,33,19,25,60,409,19,115,169,91,15,580,53,148,188,116,75
"2311","140147913",1,715,441,18,120,199,92,12,57,2,27,19,9,0,217,55,40,42,37,43,498,20,147,218,101,12,715,75,187,260,138,55
"2312","140147911",1,745,478,20,132,205,95,26,44,2,21,15,6,0,223,41,24,32,39,87,522,22,153,220,101,26,745,63,177,252,140,113
"2313","140149008",1,496,306,3,68,136,67,32,5,0,1,2,2,0,185,31,26,14,27,87,311,3,69,138,69,32,496,34,95,152,96,119
"2314","140147714",1,723,421,15,138,173,80,15,49,6,25,8,9,1,253,48,51,35,36,83,470,21,163,181,89,16,723,69,214,216,125,99
"2315","140149009",1,611,359,4,75,148,100,32,16,0,8,6,2,0,236,26,51,16,32,111,375,4,83,154,102,32,611,30,134,170,134,143
"2316","140147617",1,1037,550,12,188,239,96,15,91,6,50,23,10,2,396,120,88,74,50,64,641,18,238,262,106,17,1037,138,326,336,156,81
"2317","141400401",1,481,294,5,76,140,62,11,8,2,5,1,0,0,179,23,24,21,32,79,302,7,81,141,62,11,481,30,105,162,94,90
"2318","140147719",1,794,475,40,150,219,56,10,50,4,29,13,3,1,269,92,59,65,24,29,525,44,179,232,59,11,794,136,238,297,83,40
"2319","141400312",1,602,397,7,67,252,62,9,7,0,5,2,0,0,198,43,48,30,32,45,404,7,72,254,62,9,602,50,120,284,94,54
"2320","141401508",1,459,277,15,80,126,47,9,8,1,4,2,0,1,174,45,28,20,27,54,285,16,84,128,47,10,459,61,112,148,74,64
"2321","140147917",1,685,424,9,121,178,90,26,37,4,13,9,11,0,224,35,27,19,45,98,461,13,134,187,101,26,685,48,161,206,146,124
"2322","140149010",1,457,292,5,79,120,68,20,9,0,6,3,0,0,156,20,41,9,22,64,301,5,85,123,68,20,457,25,126,132,90,84
"2323","140148912",1,725,454,9,164,154,113,14,54,5,28,10,9,2,217,56,45,29,48,39,508,14,192,164,122,16,725,70,237,193,170,55
"2324","140140715",1,695,399,52,125,186,32,4,76,6,39,24,7,0,220,68,57,67,14,14,475,58,164,210,39,4,695,126,221,277,53,18
"2325","140147912",1,469,307,9,81,126,66,25,9,0,5,4,0,0,153,28,34,34,18,39,316,9,86,130,66,25,469,37,120,164,84,64
"2326","140148707",1,711,411,11,125,177,78,20,64,3,26,28,5,2,236,66,31,35,38,66,475,14,151,205,83,22,711,80,182,240,121,88
"2327","140148810",1,722,430,7,113,186,97,27,26,1,17,7,1,0,266,58,43,25,53,87,456,8,130,193,98,27,722,66,173,218,151,114
"2328","140148911",1,627,405,12,144,145,89,15,21,1,5,8,6,1,201,56,44,38,38,25,426,13,149,153,95,16,627,69,193,191,133,41
"2329","140147611",1,775,472,4,136,188,113,31,32,1,8,13,9,1,271,37,52,24,64,94,504,5,144,201,122,32,775,42,196,225,186,126
"2330","141400403",1,406,276,3,87,111,64,11,6,1,4,1,0,0,124,13,20,13,32,46,282,4,91,112,64,11,406,17,111,125,96,57
"2331","140147721",1,569,344,5,106,147,72,14,23,2,14,3,4,0,202,37,31,30,39,65,367,7,120,150,76,14,569,44,151,180,115,79
"2332","140147720",1,914,561,9,152,263,100,37,47,2,27,14,4,0,306,71,45,42,53,95,608,11,179,277,104,37,914,82,224,319,157,132
"2333","141400109",1,639,378,6,101,151,97,23,12,2,6,2,2,0,249,41,43,28,42,95,390,8,107,153,99,23,639,49,150,181,141,118
"2334","140149011",1,572,362,17,87,152,70,36,27,0,16,8,3,0,183,43,30,13,19,78,389,17,103,160,73,36,572,60,133,173,92,114
"2335","140148915",1,959,666,15,186,290,143,32,52,2,28,14,7,1,241,48,51,15,54,73,718,17,214,304,150,33,959,65,265,319,204,106
"2336","140147614",1,793,490,11,142,203,110,24,38,3,14,15,6,0,265,53,43,45,49,75,528,14,156,218,116,24,793,67,199,263,165,99
"2337","141400313",1,293,200,4,35,98,50,13,2,0,1,1,0,0,91,16,10,12,20,33,202,4,36,99,50,13,293,20,46,111,70,46
"2338","140149012",1,775,476,16,146,185,103,26,54,9,19,22,4,0,245,44,45,34,39,83,530,25,165,207,107,26,775,69,210,241,146,109
"2339","140148916",1,1218,791,8,227,398,134,24,61,2,37,22,0,0,366,101,74,64,73,54,852,10,264,420,134,24,1218,111,338,484,207,78
"2340","140770208",1,126,36,3,7,16,4,6,6,0,1,4,1,0,84,4,4,21,19,36,42,3,8,20,5,6,126,7,12,41,24,42
"2341","141400404",1,443,264,4,72,111,61,16,8,0,6,1,1,0,171,25,16,9,25,96,272,4,78,112,62,16,443,29,94,121,87,112
"2342","141401509",1,552,332,8,90,147,70,17,3,1,1,0,1,0,217,36,19,19,34,109,335,9,91,147,71,17,552,45,110,166,105,126
"2343","141401504",1,230,173,17,50,77,24,5,3,1,2,0,0,0,54,8,16,12,11,7,176,18,52,77,24,5,230,26,68,89,35,12
"2344","140147722",1,804,485,17,133,224,88,23,67,4,29,23,8,3,252,57,32,43,45,75,552,21,162,247,96,26,804,78,194,290,141,101
"2345","140149501",1,593,419,20,99,183,88,29,17,0,7,5,5,0,157,33,16,17,28,63,436,20,106,188,93,29,593,53,122,205,121,92
"2346","140148709",1,602,349,8,105,165,55,16,36,4,16,12,3,1,217,58,30,34,37,58,385,12,121,177,58,17,602,70,151,211,95,75
"2347","140148708",1,1135,793,47,274,292,152,28,49,3,23,13,8,2,293,69,70,58,51,45,842,50,297,305,160,30,1135,119,367,363,211,75
"2348","141400405",1,466,303,6,81,106,74,36,9,0,5,2,2,0,154,27,25,10,17,75,312,6,86,108,76,36,466,33,111,118,93,111
"2349","140911217",1,445,279,8,71,129,61,10,22,1,10,7,4,0,144,31,21,22,34,36,301,9,81,136,65,10,445,40,102,158,99,46
"2350","140148813",1,824,544,12,171,250,99,12,47,5,26,13,3,0,233,77,43,47,39,27,591,17,197,263,102,12,824,94,240,310,141,39
"2351","140149301",1,614,377,8,92,161,95,21,25,1,12,7,5,0,212,40,41,17,41,73,402,9,104,168,100,21,614,49,145,185,141,94
"2352","140148812",1,842,558,17,191,213,128,9,39,5,18,12,3,1,245,61,33,25,48,78,597,22,209,225,131,10,842,83,242,250,179,88
"2353","141470105",1,975,546,15,144,262,98,27,35,2,16,14,3,0,394,66,57,60,61,150,581,17,160,276,101,27,975,83,217,336,162,177
"2354","140148811",1,994,648,21,166,278,155,28,42,5,16,16,5,0,304,63,29,40,59,113,690,26,182,294,160,28,994,89,211,334,219,141
"2355","140149303",1,916,570,22,119,279,100,50,25,3,9,8,4,1,321,46,31,54,46,144,595,25,128,287,104,51,916,71,159,341,150,195
"2356","140149304",1,1099,687,22,176,321,127,41,30,3,18,6,3,0,382,60,59,62,72,129,717,25,194,327,130,41,1099,85,253,389,202,170
"2357","140149205",1,671,447,8,107,192,102,38,29,1,17,6,1,4,195,43,18,22,33,79,476,9,124,198,103,42,671,52,142,220,136,121
"2358","140149305",1,709,400,9,97,192,75,27,37,3,13,14,6,1,272,50,45,41,45,91,437,12,110,206,81,28,709,62,155,247,126,119
"2359","140149014",1,644,384,5,113,152,82,32,31,0,18,7,5,1,229,29,42,19,27,112,415,5,131,159,87,33,644,34,173,178,114,145
"2360","140149204",1,703,453,12,158,183,81,19,45,6,22,11,6,0,205,43,39,14,36,73,498,18,180,194,87,19,703,61,219,208,123,92
"2361","141400112",1,547,343,10,112,142,68,11,15,0,6,7,2,0,189,34,34,29,33,59,358,10,118,149,70,11,547,44,152,178,103,70
"2362","140149015",1,721,446,6,109,156,123,52,20,0,13,5,1,1,255,44,56,14,29,112,466,6,122,161,124,53,721,50,178,175,153,165
"2363","140149203",1,397,299,8,88,132,50,21,18,2,9,2,4,1,80,18,20,11,8,23,317,10,97,134,54,22,397,28,117,145,62,45
"2364","141400406",1,543,337,4,64,159,90,20,6,0,5,1,0,0,200,28,20,20,49,83,343,4,69,160,90,20,543,32,89,180,139,103
"2365","140911214",1,677,473,27,121,200,86,39,24,2,15,6,1,0,180,44,22,32,32,50,497,29,136,206,87,39,677,73,158,238,119,89
"2366","140149218",1,377,251,1,52,130,48,20,4,1,3,0,0,0,122,14,25,12,15,56,255,2,55,130,48,20,377,16,80,142,63,76
"2367","140149306",1,953,566,15,167,252,103,29,68,5,40,18,4,1,319,75,44,47,57,96,634,20,207,270,107,30,953,95,251,317,164,126
"2368","140149401",1,843,491,9,129,228,101,24,40,0,17,17,6,0,312,59,56,46,38,113,531,9,146,245,107,24,843,68,202,291,145,137
"2369","141401510",1,704,423,15,107,201,84,16,5,0,3,2,0,0,276,48,34,29,46,119,428,15,110,203,84,16,704,63,144,232,130,135
"2370","140149402",1,765,517,32,144,206,98,37,28,3,6,12,6,1,220,44,38,41,37,60,545,35,150,218,104,38,765,79,188,259,141,98
"2371","140149302",1,633,367,8,85,173,77,24,27,1,10,11,5,0,239,31,48,18,41,101,394,9,95,184,82,24,633,40,143,202,123,125
"2372","140149202",1,395,249,1,80,114,43,11,14,0,10,4,0,0,132,27,53,11,11,30,263,1,90,118,43,11,395,28,143,129,54,41
"2373","140149511",1,652,411,21,141,195,48,6,66,7,33,23,3,0,175,68,40,42,16,9,477,28,174,218,51,6,652,96,214,260,67,15
"2374","140149403",1,591,322,12,87,126,69,28,52,4,22,16,9,1,217,40,25,25,48,79,374,16,109,142,78,29,591,56,134,167,126,108
"2375","140149506",1,934,565,18,172,245,122,8,74,7,39,19,8,1,295,93,63,55,44,40,639,25,211,264,130,9,934,118,274,319,174,49
"2376","140149013",1,952,556,16,189,233,97,21,81,5,39,27,10,0,315,74,94,53,40,54,637,21,228,260,107,21,952,95,322,313,147,75
"2377","140149504",1,964,520,19,174,198,111,18,108,10,51,28,17,2,336,100,74,64,63,35,628,29,225,226,128,20,964,129,299,290,191,55
"2378","141400407",1,803,515,7,134,241,117,16,11,3,4,2,1,1,277,60,52,44,45,76,526,10,138,243,118,17,803,70,190,287,163,93
"2379","140149505",1,1031,626,21,197,254,148,6,69,4,43,16,5,1,336,110,65,71,53,37,695,25,240,270,153,7,1031,135,305,341,206,44
"2380","140149201",1,696,395,5,151,168,57,14,31,0,20,8,2,1,270,29,118,19,18,86,426,5,171,176,59,15,696,34,289,195,77,101
"2381","140149307",1,818,543,24,165,239,89,26,35,5,17,9,3,1,240,83,56,34,27,40,578,29,182,248,92,27,818,112,238,282,119,67
"2382","140149407",1,1182,748,29,244,312,124,39,41,2,15,19,4,1,393,93,86,90,58,66,789,31,259,331,128,40,1182,124,345,421,186,106
"2383","141400110",1,419,225,5,61,93,48,18,10,0,7,3,0,0,184,39,24,37,32,52,235,5,68,96,48,18,419,44,92,133,80,70
"2384","140149108",1,648,412,8,142,169,57,36,25,1,20,3,0,1,211,20,76,21,14,80,437,9,162,172,57,37,648,29,238,193,71,117
"2385","140149209",1,673,438,9,146,176,83,24,29,1,13,12,2,1,206,30,61,16,22,77,467,10,159,188,85,25,673,40,220,204,107,102
"2386","141401101",1,316,257,9,31,162,44,11,4,0,0,4,0,0,55,21,5,11,5,13,261,9,31,166,44,11,316,30,36,177,49,24
"2387","140149107",1,683,448,1,146,222,67,12,23,1,16,5,1,0,212,26,90,16,30,50,471,2,162,227,68,12,683,28,252,243,98,62
"2388","140149406",1,780,486,10,151,193,93,39,64,1,31,20,9,3,230,38,39,35,39,79,550,11,182,213,102,42,780,49,221,248,141,121
"2389","141400411",1,449,279,10,79,126,53,11,16,1,7,8,0,0,154,38,20,30,25,41,295,11,86,134,53,11,449,49,106,164,78,52
"2390","140149405",1,1009,594,11,190,246,125,22,55,2,28,17,7,1,360,96,76,54,64,70,649,13,218,263,132,23,1009,109,294,317,196,93
"2391","140149404",1,1322,738,23,231,347,119,18,129,17,61,34,13,4,455,159,100,86,57,53,867,40,292,381,132,22,1322,199,392,467,189,75
"2392","140149208",1,507,329,8,99,133,67,22,20,1,8,8,1,2,158,23,29,19,26,61,349,9,107,141,68,24,507,32,136,160,94,85
"2393","140149106",1,768,372,15,84,163,82,28,55,2,27,16,6,4,341,21,43,36,59,182,427,17,111,179,88,32,768,38,154,215,147,214
"2394","141401511",1,665,407,11,109,140,107,40,16,0,10,5,1,0,242,35,32,20,55,100,423,11,119,145,108,40,665,46,151,165,163,140
"2395","140149104",1,885,546,9,144,245,124,24,46,3,19,16,7,1,293,42,49,33,56,113,592,12,163,261,131,25,885,54,212,294,187,138
"2396","140911216",1,328,187,3,52,66,53,13,14,1,5,4,4,0,127,23,13,21,24,46,201,4,57,70,57,13,328,27,70,91,81,59
"2397","140149309",1,659,428,7,107,229,65,20,16,2,6,3,4,1,215,52,44,25,21,73,444,9,113,232,69,21,659,61,157,257,90,94
"2398","141401512",1,754,454,7,91,226,95,35,7,0,6,1,0,0,293,50,44,22,51,126,461,7,97,227,95,35,754,57,141,249,146,161
"2399","141400111",1,544,302,11,83,153,47,8,37,3,12,11,10,1,205,35,41,31,46,52,339,14,95,164,57,9,544,49,136,195,103,61
"2400","140148710",1,740,454,12,143,195,94,10,46,0,25,15,5,1,240,67,39,35,35,64,500,12,168,210,99,11,740,79,207,245,134,75
"2401","141400410",1,606,370,9,113,142,86,20,21,0,13,6,1,1,215,46,32,34,41,62,391,9,126,148,87,21,606,55,158,182,128,83
"2402","140149103",1,639,408,12,106,168,88,34,24,1,14,8,1,0,207,39,43,20,32,73,432,13,120,176,89,34,639,52,163,196,121,107
"2403","140149308",1,1060,606,12,136,297,113,48,46,1,20,20,4,1,408,66,55,57,81,149,652,13,156,317,117,49,1060,79,211,374,198,198
"2404","140148711",1,903,617,25,205,252,107,28,47,5,26,10,6,0,239,76,39,41,27,56,664,30,231,262,113,28,903,106,270,303,140,84
"2405","140149502",1,582,356,5,94,145,85,27,22,0,9,9,4,0,204,27,20,28,45,84,378,5,103,154,89,27,582,32,123,182,134,111
"2406","140141201",1,711,446,26,165,163,78,14,32,6,11,10,4,1,233,59,71,58,22,23,478,32,176,173,82,15,711,91,247,231,104,38
"2407","140149102",1,777,520,3,104,243,151,19,30,0,22,5,3,0,227,58,49,24,34,62,550,3,126,248,154,19,777,61,175,272,188,81
"2408","140149206",1,622,394,8,80,197,76,33,18,1,10,5,1,1,210,49,34,23,30,74,412,9,90,202,77,34,622,58,124,225,107,108
"2409","140149211",1,681,429,7,146,174,87,15,19,0,9,7,2,1,233,33,77,20,27,76,448,7,155,181,89,16,681,40,232,201,116,92
"2410","140149210",1,543,370,4,115,160,74,17,17,0,12,3,2,0,156,29,42,13,17,55,387,4,127,163,76,17,543,33,169,176,93,72
"2411","140149105",1,739,422,12,100,187,96,27,37,6,13,12,5,1,280,42,35,25,50,128,459,18,113,199,101,28,739,60,148,224,151,156
"2412","140149207",1,481,281,10,95,109,57,10,19,0,7,8,4,0,181,26,35,24,29,67,300,10,102,117,61,10,481,36,137,141,90,77
"2413","140148814",1,892,580,49,202,271,53,5,75,8,42,20,4,1,237,91,62,53,14,17,655,57,244,291,57,6,892,148,306,344,71,23
"2414","140148815",1,737,578,16,96,400,53,13,28,0,15,7,4,2,131,40,23,37,13,18,606,16,111,407,57,15,737,56,134,444,70,33
"2415","140149101",1,1041,643,8,163,259,179,34,31,0,17,10,4,0,367,66,64,33,67,137,674,8,180,269,183,34,1041,74,244,302,250,171
"2416","140911215",1,715,463,14,125,194,98,32,36,5,17,8,5,1,216,46,38,32,40,60,499,19,142,202,103,33,715,65,180,234,143,93
"2417","141401102",1,576,391,12,107,161,96,15,12,2,6,3,1,0,173,37,22,18,39,57,403,14,113,164,97,15,576,51,135,182,136,72
"2418","141400412",1,813,526,10,177,214,102,23,16,1,11,3,1,0,271,44,49,44,64,70,542,11,188,217,103,23,813,55,237,261,167,93
"2419","140141001",1,352,276,4,16,239,16,1,11,0,3,8,0,0,65,25,6,28,0,6,287,4,19,247,16,1,352,29,25,275,16,7
"2420","140149111",1,700,432,11,140,185,70,26,40,3,25,10,2,0,228,33,51,19,35,90,472,14,165,195,72,26,700,47,216,214,107,116
"2421","140149310",1,878,507,3,130,259,87,28,21,0,8,9,2,2,350,55,52,36,65,142,528,3,138,268,89,30,878,58,190,304,154,172
"2422","141400409",1,907,596,33,179,259,103,22,24,0,11,7,6,0,287,81,54,60,36,56,620,33,190,266,109,22,907,114,244,326,145,78
"2423","140149311",1,1119,668,18,195,308,116,31,65,6,29,19,9,2,386,75,41,63,63,144,733,24,224,327,125,33,1119,99,265,390,188,177
"2424","140149503",1,516,351,9,84,172,61,25,11,1,2,6,1,1,154,38,17,29,24,46,362,10,86,178,62,26,516,48,103,207,86,72
"2425","141401513",1,1061,666,24,174,297,139,32,17,3,6,4,4,0,378,73,65,47,67,126,683,27,180,301,143,32,1061,100,245,348,210,158
"2426","141400408",1,880,578,30,157,294,89,8,19,4,7,5,3,0,283,72,42,57,47,65,597,34,164,299,92,8,880,106,206,356,139,73
"2427","140149110",1,666,415,8,121,200,69,17,41,2,23,12,4,0,210,31,87,10,18,64,456,10,144,212,73,17,666,41,231,222,91,81
"2428","140149109",1,403,270,4,109,113,36,8,12,0,10,2,0,0,121,9,75,16,9,12,282,4,119,115,36,8,403,13,194,131,45,20
"2429","140149212",1,745,492,13,155,198,104,22,36,1,20,8,5,2,217,34,76,20,23,64,528,14,175,206,109,24,745,48,251,226,132,88
"2430","140149117",1,716,448,1,106,199,115,27,32,1,21,7,2,1,236,53,45,24,37,77,480,2,127,206,117,28,716,55,172,230,154,105
"2431","140149409",1,911,590,17,191,242,123,17,37,4,22,9,2,0,284,61,57,49,58,59,627,21,213,251,125,17,911,82,270,300,183,76
"2432","140149213",1,411,244,6,64,95,69,10,24,1,11,7,5,0,143,17,41,8,22,55,268,7,75,102,74,10,411,24,116,110,96,65
"2433","140149214",1,757,500,8,140,214,112,26,25,0,14,6,5,0,232,18,67,18,34,95,525,8,154,220,117,26,757,26,221,238,151,121
"2434","140149215",1,565,340,4,83,152,86,15,23,0,16,5,2,0,202,35,47,16,31,73,363,4,99,157,88,15,565,39,146,173,119,88
"2435","140149216",1,693,397,6,101,177,89,24,35,2,13,13,6,1,261,33,42,25,38,123,432,8,114,190,95,25,693,41,156,215,133,148
"2436","140149217",1,732,501,14,105,236,105,41,17,1,8,5,3,0,214,43,21,15,27,108,518,15,113,241,108,41,732,58,134,256,135,149
"2437","140149508",1,897,561,49,218,214,66,14,53,7,26,16,3,1,283,81,94,64,27,17,614,56,244,230,69,15,897,137,338,294,96,32
"2438","140149113",1,763,477,10,131,215,96,25,41,2,22,13,4,0,245,46,31,29,27,112,518,12,153,228,100,25,763,58,184,257,127,137
"2439","140148713",1,459,271,15,70,126,46,14,12,1,8,2,1,0,176,36,35,39,30,36,283,16,78,128,47,14,459,52,113,167,77,50
"2440","140148712",1,829,499,20,190,184,93,12,23,3,13,3,4,0,307,61,89,51,59,47,522,23,203,187,97,12,829,84,292,238,156,59
"2441","140149115",1,737,433,4,107,202,89,31,43,2,21,10,9,1,261,40,37,30,43,111,476,6,128,212,98,32,737,46,165,242,141,143
"2442","140149112",1,742,471,5,136,227,82,21,47,3,27,11,6,0,224,34,53,17,44,76,518,8,163,238,88,21,742,42,216,255,132,97
"2443","141400208",1,158,103,7,28,45,21,2,0,0,0,0,0,0,55,15,14,19,5,2,103,7,28,45,21,2,158,22,42,64,26,4
"2444","140911315",1,613,375,12,94,177,89,3,40,1,18,13,6,2,198,51,32,43,38,34,415,13,112,190,95,5,613,64,144,233,133,39
"2445","140911218",1,454,277,8,65,128,61,15,24,1,11,7,4,1,153,24,27,23,24,55,301,9,76,135,65,16,454,33,103,158,89,71
"2446","140149315",1,670,474,13,141,180,114,26,37,4,17,12,3,1,159,27,19,16,36,61,511,17,158,192,117,27,670,44,177,208,153,88
"2447","141401103",1,839,578,8,113,255,156,46,12,0,7,2,3,0,249,54,28,19,58,90,590,8,120,257,159,46,839,62,148,276,217,136
"2448","140149119",1,781,429,6,124,187,87,25,31,1,17,10,3,0,321,41,39,26,64,151,460,7,141,197,90,25,781,48,180,223,154,176
"2449","140149313",1,608,355,4,86,161,84,20,28,4,14,6,4,0,225,40,39,18,50,78,383,8,100,167,88,20,608,48,139,185,138,98
"2450","140149312",1,1164,738,9,226,258,214,31,69,0,42,15,11,1,357,69,67,36,84,101,807,9,268,273,225,32,1164,78,335,309,309,133
"2451","140149319",1,887,548,15,180,221,109,23,53,3,23,21,5,1,286,52,61,33,68,72,601,18,203,242,114,24,887,70,264,275,182,96
"2452","140149408",1,1364,798,43,233,387,117,18,85,5,46,28,6,0,481,191,101,99,44,46,883,48,279,415,123,18,1364,239,380,514,167,64
"2453","140770209",1,66,28,1,2,12,10,3,0,0,0,0,0,0,38,2,5,7,15,9,28,1,2,12,10,3,66,3,7,19,25,12
"2454","140149118",1,781,483,6,108,224,102,43,26,1,14,9,1,1,272,48,42,24,59,99,509,7,122,233,103,44,781,55,164,257,162,143
"2455","140149507",1,761,431,41,164,156,59,11,60,2,30,20,7,1,270,98,65,63,21,23,491,43,194,176,66,12,761,141,259,239,87,35
"2456","140149120",1,491,316,4,107,155,41,9,14,0,8,6,0,0,161,32,64,11,14,40,330,4,115,161,41,9,491,36,179,172,55,49
"2457","141400413",1,1039,682,30,262,230,139,21,46,4,19,14,9,0,311,65,67,53,73,53,728,34,281,244,148,21,1039,99,348,297,221,74
"2458","140911220",1,552,389,16,122,154,65,32,18,1,8,6,3,0,145,30,19,16,32,48,407,17,130,160,68,32,552,47,149,176,100,80
"2459","140911219",1,671,434,11,115,183,105,20,29,5,8,5,10,1,208,46,23,30,38,71,463,16,123,188,115,21,671,62,146,218,153,92
"2460","141470108",1,549,299,9,102,111,73,4,42,4,21,12,5,0,208,40,51,30,53,34,341,13,123,123,78,4,549,53,174,153,131,38
"2461","140149116",1,600,390,9,94,181,73,33,13,0,7,4,2,0,197,34,30,23,32,78,403,9,101,185,75,33,600,43,131,208,107,111
"2462","140149411",1,808,493,17,178,179,109,10,67,7,35,15,10,0,248,69,47,51,50,31,560,24,213,194,119,10,808,93,260,245,169,41
"2463","140149314",1,396,253,3,70,117,46,17,15,0,10,2,2,1,128,11,30,8,24,55,268,3,80,119,48,18,396,14,110,127,72,73
"2464","140141502",1,682,475,1,115,156,161,42,14,0,11,2,1,0,193,41,54,10,28,60,489,1,126,158,162,42,682,42,180,168,190,102
"2465","141401503",1,177,106,5,24,48,20,9,6,0,4,1,1,0,65,17,15,17,12,4,112,5,28,49,21,9,177,22,43,66,33,13
"2466","140141503",1,549,347,4,80,141,93,29,14,0,8,6,0,0,188,30,62,10,23,63,361,4,88,147,93,29,549,34,150,157,116,92
"2467","140149114",1,1024,688,16,201,266,145,60,35,2,13,17,3,0,301,49,50,33,47,122,723,18,214,283,148,60,1024,67,264,316,195,182
"2468","140141002",1,1125,839,29,166,520,106,18,53,4,23,20,6,0,233,63,36,59,33,42,892,33,189,540,112,18,1125,96,225,599,145,60
"2469","140149601",1,552,381,2,70,232,62,15,13,0,6,5,2,0,158,42,29,30,21,36,394,2,76,237,64,15,552,44,105,267,85,51
"2470","140141015",1,581,401,8,65,277,47,4,21,2,11,6,2,0,159,58,29,46,16,10,422,10,76,283,49,4,581,68,105,329,65,14
"2471","140149316",1,615,391,10,104,160,96,21,31,0,17,11,2,1,193,37,17,14,41,84,422,10,121,171,98,22,615,47,138,185,139,106
"2472","141401201",1,457,348,9,54,220,54,11,7,1,3,2,1,0,102,31,20,27,14,10,355,10,57,222,55,11,457,41,77,249,69,21
"2473","140140903",1,735,471,31,181,196,56,7,39,3,20,13,3,0,225,66,74,57,19,9,510,34,201,209,59,7,735,100,275,266,78,16
"2474","140141501",1,576,423,1,88,215,99,20,15,1,10,3,1,0,138,53,44,8,15,18,438,2,98,218,100,20,576,55,142,226,115,38
"2475","140149410",1,748,411,11,119,179,84,18,55,1,27,16,9,2,282,64,55,52,70,41,466,12,146,195,93,20,748,76,201,247,163,61
"2476","140141003",1,550,314,1,62,141,82,28,30,3,15,10,2,0,206,29,21,22,35,99,344,4,77,151,84,28,550,33,98,173,119,127
"2477","140149509",1,732,415,11,85,190,92,37,42,1,21,16,4,0,275,47,41,34,47,106,457,12,106,206,96,37,732,59,147,240,143,143
"2478","140140902",1,925,539,20,178,239,91,11,75,5,35,23,8,4,311,89,75,66,40,41,614,25,213,262,99,15,925,114,288,328,139,56
"2479","140149602",1,599,394,5,117,173,79,20,28,0,19,6,2,1,177,33,38,17,32,57,422,5,136,179,81,21,599,38,174,196,113,78
"2480","140149317",1,1209,772,26,199,372,129,46,62,4,25,19,7,7,375,63,57,54,65,136,834,30,224,391,136,53,1209,93,281,445,201,189
"2481","140141006",1,887,551,12,118,274,106,41,44,1,21,13,6,3,292,41,32,35,41,143,595,13,139,287,112,44,887,54,171,322,153,187
"2482","140149318",1,686,466,9,124,214,90,29,18,1,8,7,2,0,202,35,40,22,37,68,484,10,132,221,92,29,686,45,172,243,129,97
"2483","140140901",1,28,15,1,5,2,6,1,1,0,1,0,0,0,12,3,2,4,3,0,16,1,6,2,6,1,28,4,8,6,9,1
"2484","140141018",1,423,321,2,24,274,15,6,11,1,3,7,0,0,91,25,20,23,13,10,332,3,27,281,15,6,423,28,47,304,28,16
"2485","140141004",1,678,412,7,111,158,99,37,23,1,17,4,1,0,243,28,26,17,46,126,435,8,128,162,100,37,678,36,154,179,146,163
"2486","140141101",1,312,230,8,66,82,62,12,12,0,9,3,0,0,70,20,12,12,17,9,242,8,75,85,62,12,312,28,87,97,79,21
"2487","140149412",1,855,510,14,179,195,116,6,55,2,25,22,5,1,290,85,65,50,53,37,565,16,204,217,121,7,855,101,269,267,174,44
"2488","140149604",1,842,553,16,133,285,93,26,41,0,21,12,6,2,248,51,39,40,48,70,594,16,154,297,99,28,842,67,193,337,147,98
"2489","140911303",1,59,31,0,5,16,10,0,3,0,1,1,1,0,25,5,5,5,5,5,34,0,6,17,11,0,59,5,11,22,16,5
"2490","140141007",1,392,229,6,71,92,48,12,11,0,6,3,2,0,152,22,27,15,23,65,240,6,77,95,50,12,392,28,104,110,73,77
"2491","140149605",1,659,450,10,110,213,98,19,20,2,9,5,2,2,189,41,30,38,30,50,470,12,119,218,100,21,659,53,149,256,130,71
"2492","140141016",1,696,521,30,57,387,41,6,23,3,6,13,1,0,152,61,16,45,14,16,544,33,63,400,42,6,696,94,79,445,56,22
"2493","141470109",1,1129,639,19,173,334,104,9,87,10,44,25,8,0,403,120,84,103,57,39,726,29,217,359,112,9,1129,149,301,462,169,48
"2494","140911309",1,251,178,5,37,87,42,7,4,0,0,2,2,0,69,13,14,9,9,24,182,5,37,89,44,7,251,18,51,98,53,31
"2495","140149603",1,870,582,19,158,285,100,20,57,3,26,18,9,1,231,50,54,32,36,59,639,22,184,303,109,21,870,72,238,335,145,80
"2496","140149320",1,439,269,5,62,131,64,7,23,0,8,11,4,0,147,35,36,26,22,28,292,5,70,142,68,7,439,40,106,168,90,35
"2497","140141005",1,563,347,12,75,184,68,8,30,1,16,7,5,1,186,39,31,18,37,61,377,13,91,191,73,9,563,52,122,209,110,70
"2498","140149413",1,769,454,11,148,194,98,3,52,7,24,14,5,2,263,80,63,44,40,36,506,18,172,208,103,5,769,98,235,252,143,41
"2499","140149414",1,606,349,18,91,165,70,5,40,4,16,14,6,0,217,59,43,45,38,32,389,22,107,179,76,5,606,81,150,224,114,37
"2500","140911222",1,577,365,18,85,155,81,26,27,0,9,13,3,2,185,36,31,25,27,66,392,18,94,168,84,28,577,54,125,193,111,94
"2501","140149321",1,664,480,8,110,286,64,12,28,1,12,9,6,0,156,44,39,36,21,16,508,9,122,295,70,12,664,53,161,331,91,28
"2502","141400106",1,42,30,3,13,9,5,0,0,0,0,0,0,0,12,3,3,3,1,2,30,3,13,9,5,0,42,6,16,12,6,2
"2503","140149512",1,1232,832,71,312,285,146,18,108,10,64,22,12,0,292,85,73,61,36,37,940,81,376,307,158,18,1232,166,449,368,194,55
"2504","140141017",1,492,400,8,46,309,33,4,6,0,3,2,1,0,86,32,20,13,9,12,406,8,49,311,34,4,492,40,69,324,43,16
"2505","140141013",1,804,500,13,125,220,105,37,23,0,12,7,3,1,281,61,36,59,49,76,523,13,137,227,108,38,804,74,173,286,157,114
"2506","140149606",1,597,354,12,102,144,85,11,39,2,18,11,8,0,204,41,30,16,38,79,393,14,120,155,93,11,597,55,150,171,131,90
"2507","140149510",1,871,556,9,141,239,122,45,38,1,20,13,3,1,277,45,34,35,50,113,594,10,161,252,125,46,871,55,195,287,175,159
"2508","140141009",1,851,581,13,142,276,121,29,21,0,13,4,4,0,249,53,49,20,51,76,602,13,155,280,125,29,851,66,204,300,176,105
"2509","141401202",1,413,262,7,46,137,61,11,12,0,4,4,3,1,139,32,20,12,36,39,274,7,50,141,64,12,413,39,70,153,100,51
"2510","140911809",1,386,261,4,78,105,66,8,9,0,3,3,1,2,116,11,27,20,23,35,270,4,81,108,67,10,386,15,108,128,90,45
"2511","140911221",1,601,435,9,118,182,90,36,15,2,4,8,1,0,151,41,25,19,20,46,450,11,122,190,91,36,601,52,147,209,111,82
"2512","140141012",1,576,382,9,83,202,63,25,14,0,5,6,2,1,180,30,28,16,37,69,396,9,88,208,65,26,576,39,116,224,102,95
"2513","140149611",1,683,418,11,103,190,93,21,36,3,14,14,5,0,229,44,27,41,39,78,454,14,117,204,98,21,683,58,144,245,137,99
"2514","140149514",1,1069,633,20,205,264,126,18,78,7,34,22,12,3,358,73,72,60,84,69,711,27,239,286,138,21,1069,100,311,346,222,90
"2515","140149513",1,1109,713,45,241,239,169,19,94,7,55,20,12,0,302,61,87,61,59,34,807,52,296,259,181,19,1109,113,383,320,240,53
"2516","140141008",1,1291,836,20,252,328,193,43,58,3,35,12,7,1,397,68,43,52,52,182,894,23,287,340,200,44,1291,91,330,392,252,226
"2517","140141014",1,494,312,4,69,155,62,22,21,1,10,4,6,0,161,27,23,15,34,62,333,5,79,159,68,22,494,32,102,174,102,84
"2518","140149610",1,836,542,14,141,282,93,12,60,3,29,20,7,1,234,72,37,44,33,48,602,17,170,302,100,13,836,89,207,346,133,61
"2519","140149607",1,538,353,8,108,163,63,11,16,0,9,4,3,0,169,27,28,23,23,68,369,8,117,167,66,11,538,35,145,190,89,79
"2520","140149608",1,765,473,7,120,230,86,30,25,1,9,9,6,0,267,59,61,24,44,79,498,8,129,239,92,30,765,67,190,263,136,109
"2521","141470111",1,807,449,9,126,212,75,27,41,0,18,16,7,0,317,61,43,34,54,125,490,9,144,228,82,27,807,70,187,262,136,152
"2522","140141102",1,727,441,9,167,153,104,8,69,3,35,19,11,1,217,49,51,36,39,42,510,12,202,172,115,9,727,61,253,208,154,51
"2523","140141010",1,913,581,11,152,235,154,29,37,1,20,10,4,2,295,40,60,37,65,93,618,12,172,245,158,31,913,52,232,282,223,124
"2524","141470112",1,583,307,2,94,145,57,9,15,0,8,3,4,0,261,30,43,33,44,111,322,2,102,148,61,9,583,32,145,181,105,120
"2525","141400105",1,67,43,3,11,17,11,1,1,0,0,1,0,0,23,6,3,2,4,8,44,3,11,18,11,1,67,9,14,20,15,9
"2526","140911316",1,237,145,4,30,74,33,4,5,1,2,0,0,2,87,18,10,17,23,19,150,5,32,74,33,6,237,23,42,91,56,25
"2527","140149615",1,598,359,6,110,140,75,28,42,1,20,14,7,0,197,32,36,23,39,67,401,7,130,154,82,28,598,39,166,177,121,95
"2528","140141514",1,973,639,9,158,299,143,30,27,0,15,8,4,0,307,77,62,36,43,89,666,9,173,307,147,30,973,86,235,343,190,119
"2529","140141513",1,1648,1031,21,246,429,275,60,35,3,19,7,6,0,582,170,182,63,61,106,1066,24,265,436,281,60,1648,194,447,499,342,166
"2530","140141512",1,524,323,12,85,126,78,22,21,1,10,9,1,0,180,21,24,14,58,63,344,13,95,135,79,22,524,34,119,149,137,85
"2531","140141504",1,767,487,12,144,226,90,15,35,1,23,10,1,0,245,69,42,33,44,57,522,13,167,236,91,15,767,82,209,269,135,72
"2532","140141506",1,1187,755,25,264,285,159,22,86,4,50,24,7,1,346,70,59,43,86,88,841,29,314,309,166,23,1187,99,373,352,252,111
"2533","140141508",1,731,458,16,173,180,76,13,35,0,21,8,6,0,238,52,34,28,55,69,493,16,194,188,82,13,731,68,228,216,137,82
"2534","140141509",1,1001,668,19,180,312,137,20,76,3,38,24,9,2,257,68,47,41,39,62,744,22,218,336,146,22,1001,90,265,377,185,84
"2535","141401109",1,604,449,15,89,245,84,16,13,3,8,1,1,0,142,51,19,28,16,28,462,18,97,246,85,16,604,69,116,274,101,44
"2536","140149609",1,719,493,14,102,268,95,14,29,2,20,5,2,0,197,74,40,26,17,40,522,16,122,273,97,14,719,90,162,299,114,54
"2537","140141510",1,949,649,40,193,270,128,18,55,3,35,15,2,0,245,78,61,46,35,25,704,43,228,285,130,18,949,121,289,331,165,43
"2538","141470110",1,943,507,15,118,261,89,24,40,2,23,10,5,0,396,71,58,79,46,142,547,17,141,271,94,24,943,88,199,350,140,166
"2539","140149616",1,1020,659,25,224,281,110,19,63,6,27,23,5,2,298,74,85,43,52,44,722,31,251,304,115,21,1020,105,336,347,167,65
"2540","141470114",1,777,400,11,122,185,72,10,55,2,26,20,7,0,322,64,57,50,54,97,455,13,148,205,79,10,777,77,205,255,133,107
"2541","140141203",1,1003,516,18,180,222,85,11,88,4,40,31,10,3,399,92,86,70,71,80,604,22,220,253,95,14,1003,114,306,323,166,94
"2542","140141204",1,1111,627,21,193,303,98,12,70,4,43,15,7,1,414,129,96,84,68,37,697,25,236,318,105,13,1111,154,332,402,173,50
"2543","140141205",1,1212,760,22,247,333,143,15,102,8,55,29,9,1,350,118,68,74,48,42,862,30,302,362,152,16,1212,148,370,436,200,58
"2544","140141505",1,805,510,14,143,199,118,36,53,5,24,20,2,2,242,42,27,27,61,85,563,19,167,219,120,38,805,61,194,246,181,123
"2545","140149612",1,848,585,31,119,315,101,19,49,2,28,13,6,0,214,73,40,31,27,43,634,33,147,328,107,19,848,106,187,359,134,62
"2546","140141011",1,1143,688,17,205,291,149,26,63,1,31,20,9,2,392,82,65,54,74,117,751,18,236,311,158,28,1143,100,301,365,232,145
"2547","140140904",1,732,436,11,161,178,76,10,47,2,28,12,5,0,249,70,54,51,41,33,483,13,189,190,81,10,732,83,243,241,122,43
"2548","140141306",1,515,261,9,75,138,31,8,3,0,1,2,0,0,251,60,61,78,24,28,264,9,76,140,31,8,515,69,137,218,55,36
"2549","140911314",1,318,216,7,51,97,45,16,9,0,2,3,3,1,93,13,11,14,25,30,225,7,53,100,48,17,318,20,64,114,73,47
"2550","140149614",1,628,382,11,96,168,78,29,30,1,17,5,6,1,216,45,26,22,40,83,412,12,113,173,84,30,628,57,139,195,124,113
"2551","140911313",1,593,356,14,97,177,62,6,18,3,7,8,0,0,219,44,39,47,41,48,374,17,104,185,62,6,593,61,143,232,103,54
"2552","141401108",1,1149,782,14,191,372,168,37,27,2,12,9,4,0,340,75,51,48,71,95,809,16,203,381,172,37,1149,91,254,429,243,132
"2553","140141202",1,900,492,6,130,225,97,34,50,3,25,16,5,1,358,65,44,48,85,116,542,9,155,241,102,35,900,74,199,289,187,151
"2554","140141110",1,790,482,23,154,243,55,7,41,6,14,17,3,1,267,78,40,57,37,55,523,29,168,260,58,8,790,107,208,317,95,63
"2555","140911317",1,266,189,7,42,71,69,0,9,1,6,2,0,0,68,15,7,15,29,2,198,8,48,73,69,0,266,23,55,88,98,2
"2556","140149613",1,832,641,18,98,411,94,20,22,1,10,4,7,0,169,57,42,26,13,31,663,19,108,415,101,20,832,76,150,441,114,51
"2557","140141109",1,1038,602,36,232,237,88,9,61,2,32,18,7,2,375,98,108,84,42,43,663,38,264,255,95,11,1038,136,372,339,137,54
"2558","141260106",1,81,8,0,1,4,2,1,13,0,4,7,2,0,60,14,7,16,9,14,21,0,5,11,4,1,81,14,12,27,13,15
"2559","140141516",1,461,283,17,83,149,32,2,34,1,15,17,0,1,144,61,36,32,11,4,317,18,98,166,32,3,461,79,134,198,43,7
"2560","140141105",1,693,414,10,105,200,83,16,30,0,12,12,5,1,249,48,38,38,39,86,444,10,117,212,88,17,693,58,155,250,127,103
"2561","140141106",1,670,399,9,117,187,76,10,37,3,21,11,2,0,234,46,31,38,39,80,436,12,138,198,78,10,670,58,169,236,117,90
"2562","140141103",1,744,446,12,131,201,79,23,42,3,25,12,1,1,256,55,45,50,44,62,488,15,156,213,80,24,744,70,201,263,124,86
"2563","141401106",1,447,331,11,71,133,79,37,8,2,5,0,1,0,108,24,7,9,22,46,339,13,76,133,80,37,447,37,83,142,102,83
"2564","140141507",1,541,289,8,74,126,65,16,27,1,11,9,5,1,225,38,29,26,53,79,316,9,85,135,70,17,541,47,114,161,123,96
"2565","141470113",1,578,293,17,71,136,60,9,27,2,14,9,2,0,258,52,47,35,52,72,320,19,85,145,62,9,578,71,132,180,114,81
"2566","140149617",1,1205,741,42,217,345,115,22,98,5,50,37,5,1,366,105,79,81,37,64,839,47,267,382,120,23,1205,152,346,463,157,87
"2567","141401203",1,651,426,20,135,177,76,18,25,1,9,10,3,2,200,66,41,37,25,31,451,21,144,187,79,20,651,87,185,224,104,51
"2568","140140907",1,421,272,6,83,108,71,4,29,0,21,6,2,0,120,30,24,17,20,29,301,6,104,114,73,4,421,36,128,131,93,33
"2569","140770107",1,83,30,2,4,15,9,0,2,0,1,1,0,0,51,7,8,16,8,12,32,2,5,16,9,0,83,9,13,32,17,12
"2570","140141104",1,563,313,7,103,132,62,9,45,3,21,15,6,0,205,44,29,31,35,66,358,10,124,147,68,9,563,54,153,178,103,75
"2571","140911319",1,260,161,4,29,89,34,5,14,2,4,3,0,5,85,11,19,11,20,24,175,6,33,92,34,10,260,17,52,103,54,34
"2572","141401104",1,499,305,9,69,127,72,28,11,0,6,5,0,0,183,27,14,21,27,94,316,9,75,132,72,28,499,36,89,153,99,122
"2573","140911318",1,304,194,6,40,90,52,6,17,0,3,12,1,1,93,23,11,16,22,21,211,6,43,102,53,7,304,29,54,118,75,28
"2574","140140905",1,1185,720,20,234,269,183,14,109,5,63,26,15,0,356,102,64,53,78,59,829,25,297,295,198,14,1185,127,361,348,276,73
"2575","140149901",1,933,548,15,151,245,114,23,52,3,22,22,5,0,333,79,76,37,44,97,600,18,173,267,119,23,933,97,249,304,163,120
"2576","140149801",1,763,476,8,110,225,89,44,34,2,19,8,4,1,253,38,37,23,48,107,510,10,129,233,93,45,763,48,166,256,141,152
"2577","141401110",1,673,431,6,106,211,83,25,19,1,9,7,1,1,223,40,33,29,37,84,450,7,115,218,84,26,673,47,148,247,121,110
"2578","141401105",1,656,384,7,82,178,91,26,17,0,8,7,0,2,255,33,21,24,38,139,401,7,90,185,91,28,656,40,111,209,129,167
"2579","140911810",1,70,47,0,8,20,14,5,1,0,1,0,0,0,22,2,1,3,7,9,48,0,9,20,14,5,70,2,10,23,21,14
"2580","141400113",1,154,72,6,27,24,11,4,6,3,2,1,0,0,76,13,11,14,19,19,78,9,29,25,11,4,154,22,40,39,30,23
"2581","140149802",1,970,643,32,185,246,131,49,52,1,30,15,6,0,275,62,55,42,31,85,695,33,215,261,137,49,970,95,270,303,168,134
"2582","140141511",1,1131,757,17,218,343,154,25,87,8,43,25,9,2,287,71,69,35,70,42,844,25,261,368,163,27,1131,96,330,403,233,69
"2583","140141206",1,722,434,14,122,187,92,19,51,3,27,16,5,0,237,49,47,38,46,57,485,17,149,203,97,19,722,66,196,241,143,76
"2584","141401207",1,667,457,8,120,202,102,25,15,0,6,5,4,0,195,26,34,29,44,62,472,8,126,207,106,25,667,34,160,236,150,87
"2585","141401204",1,579,396,16,129,163,76,12,20,2,10,5,2,1,163,40,26,27,31,39,416,18,139,168,78,13,579,58,165,195,109,52
"2586","141401107",1,454,282,4,53,135,62,28,9,1,4,1,2,1,163,17,18,9,20,99,291,5,57,136,64,29,454,22,75,145,84,128
"2587","140141209",1,884,465,5,149,211,80,20,63,2,32,16,10,3,356,59,44,52,58,143,528,7,181,227,90,23,884,66,225,279,148,166
"2588","140141207",1,755,451,18,134,183,87,29,26,0,11,11,4,0,278,51,52,44,36,95,477,18,145,194,91,29,755,69,197,238,127,124
"2589","140141208",1,829,534,7,134,266,94,33,33,1,16,13,2,1,262,48,37,39,33,105,567,8,150,279,96,34,829,56,187,318,129,139
"2590","140141303",1,824,507,20,141,193,110,43,32,2,20,8,1,1,285,50,46,53,54,82,539,22,161,201,111,44,824,72,207,254,165,126
"2591","140141304",1,1007,598,19,160,262,126,31,61,4,27,20,9,1,348,69,64,63,62,90,659,23,187,282,135,32,1007,92,251,345,197,122
"2592","140140906",1,743,501,10,171,187,114,19,38,4,20,10,4,0,204,54,45,28,47,30,539,14,191,197,118,19,743,68,236,225,165,49
"2593","140141107",1,682,391,16,119,166,81,9,27,0,16,7,4,0,264,64,54,54,37,55,418,16,135,173,85,9,682,80,189,227,122,64
"2594","141401206",1,987,611,22,171,285,119,14,31,4,18,7,2,0,345,99,86,43,53,64,642,26,189,292,121,14,987,125,275,335,174,78
"2595","140141111",1,754,492,17,143,235,71,26,28,1,12,13,2,0,234,52,51,51,33,47,520,18,155,248,73,26,754,70,206,299,106,73
"2596","140141305",1,615,402,31,138,151,67,15,34,4,11,13,6,0,179,34,30,37,42,36,436,35,149,164,73,15,615,69,179,201,115,51
"2597","140141301",1,345,208,7,61,88,35,17,10,1,3,5,0,1,127,11,21,15,24,56,218,8,64,93,35,18,345,19,85,108,59,74
"2598","141401111",1,527,297,2,67,135,73,20,10,0,3,3,4,0,220,31,31,13,29,116,307,2,70,138,77,20,527,33,101,151,106,136
"2599","140911312",1,407,246,6,54,127,52,7,14,0,8,6,0,0,147,28,26,20,23,50,260,6,62,133,52,7,407,34,88,153,75,57
"2600","141401205",1,938,670,25,225,303,99,18,42,3,26,9,3,1,226,85,41,45,21,34,712,28,251,312,102,19,938,113,292,357,123,53
"2601","140141307",1,957,623,38,168,320,85,12,52,3,27,18,4,0,282,77,68,67,34,36,675,41,195,338,89,12,957,118,263,405,123,48
"2602","141401208",1,646,458,12,132,183,101,30,22,2,11,4,2,3,166,36,16,14,34,66,480,14,143,187,103,33,646,50,159,201,137,99
"2603","141401112",1,440,251,5,45,114,57,30,13,0,7,3,3,0,176,19,18,11,16,112,264,5,52,117,60,30,440,24,70,128,76,142
"2604","141401121",1,743,537,10,120,302,89,16,21,0,9,9,3,0,185,41,44,23,32,45,558,10,129,311,92,16,743,51,173,334,124,61
"2605","140149902",1,901,575,14,157,267,108,29,41,1,23,13,4,0,285,68,32,29,50,106,616,15,180,280,112,29,901,83,212,309,162,135
"2606","141401113",1,603,369,5,75,167,101,21,6,0,3,2,0,1,228,26,23,16,38,125,375,5,78,169,101,22,603,31,101,185,139,147
"2607","140911321",1,237,127,3,28,55,38,3,12,1,3,7,1,0,98,22,20,12,17,27,139,4,31,62,39,3,237,26,51,74,56,30
"2608","140149803",1,694,465,27,148,160,103,27,27,2,14,11,0,0,202,52,56,34,24,36,492,29,162,171,103,27,694,81,218,205,127,63
"2609","140141302",1,1051,670,15,223,282,121,29,45,0,27,14,4,0,336,65,46,45,69,111,715,15,250,296,125,29,1051,80,296,341,194,140
"2610","140149804",1,692,417,17,137,163,86,14,51,0,30,15,5,1,224,65,44,34,28,53,468,17,167,178,91,15,692,82,211,212,119,68
"2611","140141515",1,718,491,12,91,286,92,10,21,0,16,2,1,2,206,75,49,25,18,39,512,12,107,288,93,12,718,87,156,313,111,51
"2612","141190203",1,28,18,1,1,7,5,4,0,0,0,0,0,0,10,0,1,2,4,3,18,1,1,7,5,4,28,1,2,9,9,7
"2613","140149701",1,1361,760,67,256,302,115,20,146,17,68,38,20,3,455,141,125,92,59,38,906,84,324,340,135,23,1361,225,449,432,194,61
"2614","141401120",1,818,500,12,116,215,119,38,18,0,7,6,5,0,300,38,49,27,48,138,518,12,123,221,124,38,818,50,172,248,172,176
"2615","141401209",1,570,367,11,87,160,80,29,15,1,10,2,1,1,188,22,25,16,33,92,382,12,97,162,81,30,570,34,122,178,114,122
"2616","141401210",1,844,540,26,134,243,97,40,41,6,17,15,3,0,263,76,36,28,34,89,581,32,151,258,100,40,844,108,187,286,134,129
"2617","140141108",1,738,427,27,144,194,51,11,33,3,16,13,1,0,278,87,80,59,19,33,460,30,160,207,52,11,738,117,240,266,71,44
"2618","141401114",1,588,337,6,85,146,64,36,15,1,7,3,3,1,236,31,22,12,43,128,352,7,92,149,67,37,588,38,114,161,110,165
"2619","140149805",1,463,258,8,80,117,43,10,35,3,14,12,5,1,170,34,41,28,24,43,293,11,94,129,48,11,463,45,135,157,72,54
"2620","140911320",1,243,147,1,28,75,32,11,9,0,3,3,1,2,87,18,9,9,21,30,156,1,31,78,33,13,243,19,40,87,54,43
"2621","140911311",1,730,450,5,138,210,77,20,30,3,11,11,4,1,250,50,55,34,37,74,480,8,149,221,81,21,730,58,204,255,118,95
"2622","140911322",1,198,124,4,33,45,35,7,7,0,4,3,0,0,67,11,9,8,14,25,131,4,37,48,35,7,198,15,46,56,49,32
"2623","140149702",1,533,309,15,98,121,66,9,54,5,25,13,8,3,170,31,29,28,32,50,363,20,123,134,74,12,533,51,152,162,106,62
"2624","140911302",1,21,12,0,1,7,4,0,0,0,0,0,0,0,9,1,3,2,0,3,12,0,1,7,4,0,21,1,4,9,4,3
"2625","141401119",1,632,358,5,74,153,91,35,13,1,8,3,1,0,261,27,23,15,36,160,371,6,82,156,92,35,632,33,105,171,128,195
"2626","141401401",1,808,585,23,150,268,113,31,17,0,11,4,1,1,206,53,34,24,33,62,602,23,161,272,114,32,808,76,195,296,147,94
"2627","140770213",1,136,59,1,16,22,16,4,15,1,7,6,1,0,62,14,5,14,4,25,74,2,23,28,17,4,136,16,28,42,21,29
"2628","140149806",1,674,356,14,94,164,72,12,30,2,13,11,3,1,288,55,54,49,44,86,386,16,107,175,75,13,674,71,161,224,119,99
"2629","141401214",1,452,296,8,58,130,66,34,13,1,4,5,3,0,143,17,13,11,21,81,309,9,62,135,69,34,452,26,75,146,90,115
"2630","140141310",1,457,287,20,95,116,42,14,24,2,9,10,3,0,146,43,34,32,15,22,311,22,104,126,45,14,457,65,138,158,60,36
"2631","141401213",1,592,396,5,116,147,101,27,7,0,5,2,0,0,189,27,26,14,30,92,403,5,121,149,101,27,592,32,147,163,131,119
"2632","141401118",1,650,383,6,81,163,90,43,21,2,11,4,4,0,246,27,30,9,41,139,404,8,92,167,94,43,650,35,122,176,135,182
"2633","140149903",1,873,567,14,171,235,118,29,30,0,16,11,1,2,276,51,53,52,41,79,597,14,187,246,119,31,873,65,240,298,160,110
"2634","141401701",1,148,79,4,22,32,18,3,2,0,1,1,0,0,67,10,17,18,12,10,81,4,23,33,18,3,148,14,40,51,30,13
"2635","141401117",1,403,231,8,41,89,61,32,8,1,3,3,1,0,164,19,19,12,29,85,239,9,44,92,62,32,403,28,63,104,91,117
"2636","140149904",1,600,334,8,99,140,70,17,26,0,14,7,3,2,240,47,56,35,40,62,360,8,113,147,73,19,600,55,169,182,113,81
"2637","140149807",1,1133,655,28,198,278,121,30,85,7,48,25,1,4,393,88,68,85,78,74,740,35,246,303,122,34,1133,123,314,388,200,108
"2638","141401115",1,413,259,2,71,107,58,21,8,0,5,1,2,0,146,17,20,14,20,75,267,2,76,108,60,21,413,19,96,122,80,96
"2639","141401211",1,873,586,18,153,246,113,56,18,0,9,9,0,0,269,53,25,39,53,99,604,18,162,255,113,56,873,71,187,294,166,155
"2640","140149709",1,1169,666,24,200,303,118,21,118,9,54,41,11,3,385,112,69,49,66,89,784,33,254,344,129,24,1169,145,323,393,195,113
"2641","140149703",1,612,455,13,94,260,80,8,10,1,6,1,2,0,147,49,39,21,19,19,465,14,100,261,82,8,612,63,139,282,101,27
"2642","140140909",1,1061,656,29,185,301,116,25,56,3,34,11,8,0,349,87,66,50,62,84,712,32,219,312,124,25,1061,119,285,362,186,109
"2643","140149905",1,586,363,7,104,166,70,16,28,2,15,5,5,1,195,50,28,38,24,55,391,9,119,171,75,17,586,59,147,209,99,72
"2644","141401215",1,472,327,7,71,127,76,46,4,0,4,0,0,0,141,16,30,12,20,63,331,7,75,127,76,46,472,23,105,139,96,109
"2645","140149708",1,1136,706,44,227,295,116,24,78,2,47,20,8,1,352,88,73,60,53,78,784,46,274,315,124,25,1136,134,347,375,177,103
"2646","140149809",1,842,524,19,161,208,103,33,58,2,28,18,8,2,260,63,50,45,24,78,582,21,189,226,111,35,842,84,239,271,135,113
"2647","141401402",1,643,478,16,115,208,101,38,18,2,8,7,1,0,147,37,21,17,28,44,496,18,123,215,102,38,643,55,144,232,130,82
"2648","141190303",1,176,121,8,42,37,29,5,0,0,0,0,0,0,55,9,16,10,10,10,121,8,42,37,29,5,176,17,58,47,39,15
"2649","140141517",1,769,495,16,162,249,49,19,41,5,21,10,5,0,233,69,61,59,18,26,536,21,183,259,54,19,769,90,244,318,72,45
"2650","140149707",1,977,662,47,214,261,121,19,55,3,28,18,3,3,260,65,60,33,45,57,717,50,242,279,124,22,977,115,302,312,169,79
"2651","140149704",1,543,344,9,68,166,79,22,26,1,12,9,3,1,173,26,31,12,36,68,370,10,80,175,82,23,543,36,111,187,118,91
"2652","141050601",1,164,68,3,13,28,18,6,4,1,2,1,0,0,92,8,13,21,14,36,72,4,15,29,18,6,164,12,28,50,32,42
"2653","140149808",1,664,366,18,106,167,59,16,34,3,12,11,6,2,264,49,67,51,41,56,400,21,118,178,65,18,664,70,185,229,106,74
"2654","141401403",1,579,385,5,78,160,104,38,13,0,7,4,1,1,181,32,21,13,45,70,398,5,85,164,105,39,579,37,106,177,150,109
"2655","141401116",1,397,263,3,51,128,56,25,5,0,2,2,1,0,129,12,13,4,11,89,268,3,53,130,57,25,397,15,66,134,68,114
"2656","140140908",1,1078,714,32,214,369,85,14,61,4,29,19,8,1,303,129,62,77,18,17,775,36,243,388,93,15,1078,165,305,465,111,32
"2657","140149713",1,596,349,24,105,146,62,12,51,0,26,19,6,0,196,51,51,41,26,27,400,24,131,165,68,12,596,75,182,206,94,39
"2658","140149706",1,1237,777,28,262,303,164,20,89,10,47,23,8,1,371,116,80,62,64,49,866,38,309,326,172,21,1237,154,389,388,236,70
"2659","141401216",1,427,289,9,51,131,60,38,8,0,4,1,0,3,130,9,16,12,17,76,297,9,55,132,60,41,427,18,71,144,77,117
"2660","141401212",1,760,482,23,135,214,86,24,20,2,9,5,3,1,258,56,37,43,34,88,502,25,144,219,89,25,760,81,181,262,123,113
"2661","141260109",1,299,147,7,37,57,33,13,1,0,0,0,1,0,151,37,29,14,19,52,148,7,37,57,34,13,299,44,66,71,53,65
"2662","140149705",1,675,502,22,138,183,142,17,15,2,9,1,3,0,158,27,31,8,35,57,517,24,147,184,145,17,675,51,178,192,180,74
"2663","140149810",1,611,326,10,105,130,73,8,47,4,29,7,5,2,238,49,47,27,43,72,373,14,134,137,78,10,611,63,181,164,121,82
"2664","140140910",1,987,601,18,182,257,117,27,63,4,33,21,2,3,323,84,57,56,63,63,664,22,215,278,119,30,987,106,272,334,182,93
"2665","140149811",1,627,385,9,131,159,69,17,53,2,30,17,3,1,189,50,31,36,27,45,438,11,161,176,72,18,627,61,192,212,99,63
"2666","140149909",1,856,573,21,181,264,87,20,40,1,17,17,3,2,243,62,53,49,26,53,613,22,198,281,90,22,856,84,251,330,116,75
"2667","141401218",1,420,257,3,62,110,67,15,13,0,11,1,1,0,150,25,15,14,30,66,270,3,73,111,68,15,420,28,88,125,98,81
"2668","140149712",1,765,442,12,138,183,94,15,42,2,28,9,2,1,281,64,80,47,43,47,484,14,166,192,96,16,765,78,246,239,139,63
"2669","140149710",1,921,558,23,155,256,95,29,79,10,36,25,8,0,284,67,51,47,42,77,637,33,191,281,103,29,921,100,242,328,145,106
"2670","140149907",1,615,385,11,92,188,72,22,40,2,23,11,4,0,190,47,33,33,29,48,425,13,115,199,76,22,615,60,148,232,105,70
"2671","141401219",1,542,389,18,102,155,89,25,16,1,5,7,3,0,137,28,19,11,22,57,405,19,107,162,92,25,542,47,126,173,114,82
"2672","141401404",1,533,373,10,100,147,75,41,8,0,7,0,1,0,152,23,14,5,28,82,381,10,107,147,76,41,533,33,121,152,104,123
"2673","140149906",1,826,480,17,138,204,94,27,42,3,26,8,5,0,304,62,63,56,47,76,522,20,164,212,99,27,826,82,227,268,146,103
"2674","141401217",1,490,333,6,61,119,75,72,1,0,1,0,0,0,156,17,15,11,17,96,334,6,62,119,75,72,490,23,77,130,92,168
"2675","140149908",1,1166,671,14,211,286,139,21,58,2,22,24,9,1,437,95,88,74,72,108,729,16,233,310,148,22,1166,111,321,384,220,130
"2676","141401414",1,918,717,29,163,438,75,12,26,1,14,11,0,0,175,72,40,31,21,11,743,30,177,449,75,12,918,102,217,480,96,23
"2677","140141401",1,1138,669,44,232,253,124,16,81,3,45,16,17,0,388,101,95,73,60,59,750,47,277,269,141,16,1138,148,372,342,201,75
"2678","140149711",1,1063,591,17,210,224,124,16,71,4,33,21,12,1,401,95,110,69,59,68,662,21,243,245,136,17,1063,116,353,314,195,85
"2679","140141402",1,1599,939,60,365,351,156,7,126,10,63,33,20,0,534,136,142,120,88,48,1065,70,428,384,176,7,1599,206,570,504,264,55
"2680","140141403",1,936,589,45,218,234,73,19,63,4,28,26,4,1,284,89,59,69,35,32,652,49,246,260,77,20,936,138,305,329,112,52
"2681","141401406",1,410,261,4,48,122,61,26,4,0,3,1,0,0,145,23,11,11,26,74,265,4,51,123,61,26,410,27,62,134,87,100
"2682","140149812",1,697,398,15,115,179,71,18,75,7,37,20,8,3,224,67,40,32,37,48,473,22,152,199,79,21,697,89,192,231,116,69
"2683","140141308",1,831,476,35,144,213,67,17,79,5,33,26,14,1,276,104,72,62,17,21,555,40,177,239,81,18,831,144,249,301,98,39
"2684","140140911",1,1173,684,25,198,306,139,16,59,5,30,20,4,0,430,111,100,71,59,89,743,30,228,326,143,16,1173,141,328,397,202,105
"2685","141401413",1,899,641,10,135,326,139,31,12,2,5,4,1,0,246,68,31,30,52,65,653,12,140,330,140,31,899,80,171,360,192,96
"2686","140149714",1,1311,819,34,246,327,167,45,94,9,52,24,9,0,398,101,65,61,57,114,913,43,298,351,176,45,1311,144,363,412,233,159
"2687","141401407",1,449,297,3,66,132,69,27,4,0,2,2,0,0,148,22,13,13,19,81,301,3,68,134,69,27,449,25,81,147,88,108
"2688","141401301",1,441,268,8,56,108,66,30,9,0,5,2,2,0,164,19,19,10,23,93,277,8,61,110,68,30,441,27,80,120,91,123
"2689","140149813",1,1183,740,53,234,283,137,33,77,6,44,17,9,1,366,74,78,66,58,90,817,59,278,300,146,34,1183,133,356,366,204,124
"2690","140149717",1,1330,747,36,251,299,125,36,95,2,50,28,13,2,488,131,104,95,74,84,842,38,301,327,138,38,1330,169,405,422,212,122
"2691","140911323",1,459,325,16,84,157,53,15,12,2,5,3,1,1,122,31,22,19,17,33,337,18,89,160,54,16,459,49,111,179,71,49
"2692","141401405",1,586,358,7,68,163,79,41,9,0,7,1,1,0,219,27,25,15,37,115,367,7,75,164,80,41,586,34,100,179,117,156
"2693","140141519",1,680,499,16,76,317,65,25,15,1,10,3,1,0,166,55,34,29,18,30,514,17,86,320,66,25,680,72,120,349,84,55
"2694","140149716",1,852,491,23,144,212,91,21,48,3,32,9,4,0,313,69,55,60,39,90,539,26,176,221,95,21,852,95,231,281,134,111
"2695","141401302",1,457,299,6,61,124,84,24,4,0,3,1,0,0,154,16,12,10,24,92,303,6,64,125,84,24,457,22,76,135,108,116
"2696","140141610",1,730,427,14,109,229,65,10,59,3,32,23,1,0,244,77,55,47,26,39,486,17,141,252,66,10,730,94,196,299,92,49
"2697","141401303",1,406,277,4,59,116,67,31,5,0,2,1,2,0,124,18,12,11,11,72,282,4,61,117,69,31,406,22,73,128,80,103
"2698","141401423",1,657,471,18,114,242,84,13,20,2,10,5,3,0,166,49,24,25,28,40,491,20,124,247,87,13,657,69,148,272,115,53
"2699","140141603",1,1317,772,47,294,334,93,4,73,5,34,27,5,2,472,167,139,111,30,25,845,52,328,361,98,6,1317,219,467,472,128,31
"2700","141401415",1,756,502,13,113,186,170,20,33,5,17,6,5,0,221,37,25,24,65,70,535,18,130,192,175,20,756,55,155,216,240,90
"2701","140141309",1,1221,742,78,230,301,117,16,78,2,41,28,6,1,401,117,97,91,49,47,820,80,271,329,123,17,1221,197,368,420,172,64
"2702","140141407",1,1044,678,28,183,297,133,37,60,3,28,21,6,2,306,55,35,40,57,119,738,31,211,318,139,39,1044,86,246,358,196,158
"2703","140141406",1,1016,650,23,195,264,136,32,61,8,31,12,8,2,305,77,57,48,43,80,711,31,226,276,144,34,1016,108,283,324,187,114
"2704","140141405",1,683,418,7,126,183,81,21,35,5,15,8,6,1,230,47,35,30,32,86,453,12,141,191,87,22,683,59,176,221,119,108
"2705","141401412",1,785,558,10,145,191,169,43,23,0,10,6,5,2,204,36,28,24,43,73,581,10,155,197,174,45,785,46,183,221,217,118
"2706","140141404",1,540,352,13,108,164,56,11,39,3,23,11,1,1,149,47,25,36,22,19,391,16,131,175,57,12,540,63,156,211,79,31
"2707","141260105",1,28,9,0,1,5,2,1,1,0,0,0,1,0,18,1,7,4,4,2,10,0,1,5,3,1,28,1,8,9,7,3
"2708","141401410",1,390,242,4,66,104,54,14,2,0,0,0,1,1,146,22,16,11,18,79,244,4,66,104,55,15,390,26,82,115,73,94
"2709","141401308",1,373,236,3,36,105,67,25,10,2,4,1,3,0,127,21,10,10,25,61,246,5,40,106,70,25,373,26,50,116,95,86
"2710","140149715",1,923,542,17,154,227,124,20,55,5,29,14,6,1,326,80,51,50,48,97,597,22,183,241,130,21,923,102,234,291,178,118
"2711","141401304",1,563,374,10,102,149,78,35,8,0,4,2,2,0,181,35,16,25,21,84,382,10,106,151,80,35,563,45,122,176,101,119
"2712","140140914",1,693,445,15,113,245,58,14,56,3,35,13,4,1,192,69,40,51,15,17,501,18,148,258,62,15,693,87,188,309,77,32
"2713","140140912",1,1467,889,55,305,352,157,20,90,6,50,25,8,1,488,137,123,121,60,47,979,61,355,377,165,21,1467,198,478,498,225,68
"2714","140149910",1,927,601,25,205,233,121,17,37,1,25,7,4,0,289,66,48,53,75,47,638,26,230,240,125,17,927,92,278,293,200,64
"2715","140141601",1,951,587,47,174,279,77,10,81,6,36,27,10,2,283,83,60,65,44,31,668,53,210,306,87,12,951,136,270,371,131,43
"2716","140141602",1,1106,692,59,249,303,75,6,70,8,32,27,3,0,344,106,98,90,26,24,762,67,281,330,78,6,1106,173,379,420,104,30
"2717","141401306",1,512,322,8,63,142,82,27,8,0,5,2,1,0,182,17,26,13,23,103,330,8,68,144,83,27,512,25,94,157,106,130
"2718","141401411",1,523,325,2,72,132,91,28,10,0,5,2,3,0,188,29,21,17,27,94,335,2,77,134,94,28,523,31,98,151,121,122
"2719","141401409",1,383,234,4,52,105,64,9,4,1,2,0,1,0,145,18,12,12,24,79,238,5,54,105,65,9,383,23,66,117,89,88
"2720","141401307",1,443,288,9,79,105,61,34,6,0,6,0,0,0,149,21,20,14,23,71,294,9,85,105,61,34,443,30,105,119,84,105
"2721","141401408",1,368,241,4,67,113,38,19,7,0,3,3,1,0,120,27,15,10,17,51,248,4,70,116,39,19,368,31,85,126,56,70
"2722","140140913",1,915,581,21,154,290,94,22,49,3,20,21,5,0,285,95,55,55,42,38,630,24,174,311,99,22,915,119,229,366,141,60
"2723","140141518",1,613,447,10,65,309,54,9,5,0,2,2,1,0,161,65,31,31,13,21,452,10,67,311,55,9,613,75,98,342,68,30
"2724","140141604",1,587,342,9,128,130,64,11,30,6,11,8,5,0,215,54,50,39,29,43,372,15,139,138,69,11,587,69,189,177,98,54
"2725","140141606",1,996,554,22,163,246,100,23,69,7,30,20,11,1,373,106,53,77,65,72,623,29,193,266,111,24,996,135,246,343,176,96
"2726","140141607",1,922,567,25,172,236,100,34,92,8,48,26,8,2,263,72,40,49,41,61,659,33,220,262,108,36,922,105,260,311,149,97
"2727","141401305",1,616,387,13,115,139,87,33,13,1,5,6,1,0,216,32,38,16,31,99,400,14,120,145,88,33,616,46,158,161,119,132
"2728","140141608",1,536,344,20,102,134,72,16,37,1,21,11,3,1,155,31,27,30,21,46,381,21,123,145,75,17,536,52,150,175,96,63
"2729","141400609",1,80,51,3,20,15,12,1,0,0,0,0,0,0,29,4,12,4,2,7,51,3,20,15,12,1,80,7,32,19,14,8
"2730","141401311",1,483,281,4,49,151,62,15,6,0,2,4,0,0,196,20,17,11,25,123,287,4,51,155,62,15,483,24,68,166,87,138
"2731","141401309",1,492,331,5,84,132,87,23,10,1,4,3,2,0,151,10,23,11,21,86,341,6,88,135,89,23,492,16,111,146,110,109
"2732","140141605",1,717,446,16,152,184,82,12,27,3,13,6,5,0,244,53,64,49,33,45,473,19,165,190,87,12,717,72,229,239,120,57
"2733","140149911",1,588,342,10,112,133,81,6,76,2,35,23,15,1,170,44,28,18,42,38,418,12,147,156,96,7,588,56,175,174,138,45
"2734","141401416",1,721,465,18,118,203,90,36,26,2,12,8,2,2,230,49,28,15,32,106,491,20,130,211,92,38,721,69,158,226,124,144
"2735","141400210",1,74,56,2,27,12,9,6,2,0,1,1,0,0,16,2,3,6,4,1,58,2,28,13,9,6,74,4,31,19,13,7
"2736","140141609",1,708,410,16,120,179,78,17,49,1,29,17,2,0,249,46,61,47,40,55,459,17,149,196,80,17,708,63,210,243,120,72
"2737","141401310",1,487,308,7,69,138,80,14,13,1,5,6,0,1,166,27,12,15,29,83,321,8,74,144,80,15,487,35,86,159,109,98
"2738","141401312",1,496,321,8,86,105,103,19,17,1,9,4,3,0,158,12,14,11,25,96,338,9,95,109,106,19,496,21,109,120,131,115
"2739","141401417",1,576,378,16,109,137,92,24,18,2,10,3,2,1,180,27,10,6,27,110,396,18,119,140,94,25,576,45,129,146,121,135
"2740","141401314",1,433,269,6,64,119,58,22,9,0,3,4,1,1,155,24,19,7,23,82,278,6,67,123,59,23,433,30,86,130,82,105
"2741","140149912",1,684,406,8,119,174,89,16,77,6,39,17,14,1,201,52,40,35,31,43,483,14,158,191,103,17,684,66,198,226,134,60
"2742","141401418",1,713,442,12,117,186,101,26,10,2,5,1,2,0,261,47,31,24,44,115,452,14,122,187,103,26,713,61,153,211,147,141
"2743","140141611",1,903,524,33,201,215,64,11,78,8,45,22,3,0,301,103,83,50,28,37,602,41,246,237,67,11,903,144,329,287,95,48
"2744","141401313",1,616,410,10,104,162,103,31,10,0,4,2,3,1,196,22,26,19,32,97,420,10,108,164,106,32,616,32,134,183,138,129
"2745","141401316",1,651,482,19,119,203,109,32,15,2,8,4,0,1,154,37,24,21,29,43,497,21,127,207,109,33,651,58,151,228,138,76
"2746","141401315",1,883,590,35,160,264,116,15,26,1,13,9,3,0,267,76,47,55,36,53,616,36,173,273,119,15,883,112,220,328,155,68
"2747","140911310",1,234,143,1,24,83,28,7,3,1,1,0,1,0,88,17,17,13,6,35,146,2,25,83,29,7,234,19,42,96,35,42
"2748","140149913",1,1233,745,16,242,277,190,20,123,3,72,29,17,2,365,99,81,58,77,50,868,19,314,306,207,22,1233,118,395,364,284,72
"2749","141401420",1,462,301,8,90,136,50,17,25,0,13,8,1,3,136,22,13,12,22,67,326,8,103,144,51,20,462,30,116,156,73,87
"2750","141401419",1,828,630,26,205,206,175,18,32,2,19,6,5,0,166,28,27,26,45,40,662,28,224,212,180,18,828,56,251,238,225,58
"2751","141401422",1,495,351,11,100,142,90,8,25,0,14,7,4,0,119,30,16,17,22,34,376,11,114,149,94,8,495,41,130,166,116,42
"2752","140141408",1,140,78,3,15,42,13,5,6,0,3,3,0,0,56,12,10,13,4,17,84,3,18,45,13,5,140,15,28,58,17,22
"2753","141401421",1,536,378,15,111,152,81,19,21,1,9,8,3,0,137,30,18,17,19,53,399,16,120,160,84,19,536,46,138,177,103,72
"2754","141401318",1,571,401,24,111,172,80,14,22,2,8,6,5,1,148,36,24,30,15,43,423,26,119,178,85,15,571,62,143,208,100,58
"2755","140140915",1,42,38,7,19,10,2,0,0,0,0,0,0,0,4,1,1,2,0,0,38,7,19,10,2,0,42,8,20,12,2,0
"2756","141401317",1,872,611,33,196,287,85,10,35,3,19,10,3,0,226,83,30,39,28,46,646,36,215,297,88,10,872,119,245,336,116,56
"2757","140141520",1,1062,721,44,188,372,96,21,42,3,19,16,3,1,299,70,76,72,30,51,763,47,207,388,99,22,1062,117,283,460,129,73
"2758","141190204",1,31,20,1,6,4,5,4,0,0,0,0,0,0,11,0,1,2,3,5,20,1,6,4,5,4,31,1,7,6,8,9
"2759","140141615",1,565,363,19,112,188,38,6,43,3,16,17,6,1,159,53,34,45,14,13,406,22,128,205,44,7,565,75,162,250,58,20
"2760","140141614",1,625,410,30,126,210,39,5,24,3,9,10,2,0,191,61,51,65,11,3,434,33,135,220,41,5,625,94,186,285,52,8
"2761","140141613",1,657,405,27,145,182,46,5,40,5,13,19,3,0,212,68,61,57,16,10,445,32,158,201,49,5,657,100,219,258,65,15
"2762","140141612",1,664,404,21,145,196,37,5,38,0,16,20,2,0,222,38,76,83,16,9,442,21,161,216,39,5,664,59,237,299,55,14
"2763","140141617",1,809,553,43,198,211,85,16,44,5,22,13,2,2,212,50,72,39,27,24,597,48,220,224,87,18,809,98,292,263,114,42
"2764","140141616",1,1226,885,49,373,378,71,14,53,5,28,14,4,2,288,68,127,63,18,12,938,54,401,392,75,16,1226,122,528,455,93,28
"2765","141260108",1,148,28,0,7,16,3,2,12,4,6,1,1,0,108,15,17,20,24,32,40,4,13,17,4,2,148,19,30,37,28,34
"2766","141470201",1,415,272,10,57,136,48,21,10,0,7,2,1,0,133,24,24,27,32,26,282,10,64,138,49,21,415,34,88,165,81,47
"2767","140141618",1,1077,611,66,217,268,54,6,84,9,41,28,5,1,382,134,98,87,35,28,695,75,258,296,59,7,1077,209,356,383,94,35
"2768","141190401",1,40,34,2,11,8,7,6,0,0,0,0,0,0,6,1,1,2,1,1,34,2,11,8,7,6,40,3,12,10,8,7
"2769","141470205",1,781,436,25,151,163,82,15,21,3,12,1,4,1,324,75,67,85,47,50,457,28,163,164,86,16,781,103,230,249,133,66
"2770","141260107",1,92,34,1,4,14,8,7,1,0,0,1,0,0,57,9,6,7,12,23,35,1,4,15,8,7,92,10,10,22,20,30
"2771","140911304",1,11,8,0,5,3,0,0,0,0,0,0,0,0,3,2,0,0,0,1,8,0,5,3,0,0,11,2,5,3,0,1
"2772","141190309",1,223,145,7,53,55,21,9,3,1,1,1,0,0,75,11,16,13,16,19,148,8,54,56,21,9,223,19,70,69,37,28
"2773","141400107",1,71,57,6,23,18,7,3,0,0,0,0,0,0,14,0,6,3,2,3,57,6,23,18,7,3,71,6,29,21,9,6
"2774","140770109",1,85,43,1,5,20,11,6,1,0,0,0,1,0,41,10,10,7,4,10,44,1,5,20,12,6,85,11,15,27,16,16
"2775","141190205",1,129,87,4,19,36,21,7,0,0,0,0,0,0,42,11,9,8,8,6,87,4,19,36,21,7,129,15,28,44,29,13
"2776","141470202",1,1263,775,39,195,387,132,22,58,1,29,21,6,1,430,106,100,102,49,73,833,40,224,408,138,23,1263,146,324,510,187,96
"2777","141470203",1,137,67,3,30,23,11,0,5,0,2,1,2,0,65,13,15,17,5,15,72,3,32,24,13,0,137,16,47,41,18,15
"2778","141401505",1,239,153,10,54,49,38,2,0,0,0,0,0,0,86,16,23,14,17,16,153,10,54,49,38,2,239,26,77,63,55,18
"2779","141470204",1,583,318,16,97,124,67,14,21,4,8,6,3,0,244,49,50,58,34,53,339,20,105,130,70,14,583,69,155,188,104,67
"2780","141190101",1,696,356,20,104,165,49,18,12,0,6,5,1,0,328,54,70,108,46,50,368,20,110,170,50,18,696,74,180,278,96,68
"2781","141401506",1,122,104,9,34,37,16,8,0,0,0,0,0,0,18,2,5,4,4,3,104,9,34,37,16,8,122,11,39,41,20,11
"2782","141401703",1,83,58,4,21,24,6,3,0,0,0,0,0,0,25,3,14,6,2,0,58,4,21,24,6,3,83,7,35,30,8,3
"2783","141401702",1,192,138,12,46,56,23,1,1,0,1,0,0,0,53,12,12,14,10,5,139,12,47,56,23,1,192,24,59,70,33,6
"2784","141190801",1,760,462,23,147,232,53,7,34,3,19,10,2,0,264,94,77,46,26,21,496,26,166,242,55,7,760,120,243,288,81,28
"2785","141190304",1,95,72,7,24,27,9,5,0,0,0,0,0,0,23,9,4,8,2,0,72,7,24,27,9,5,95,16,28,35,11,5
"2786","141190803",1,461,308,8,88,135,67,10,7,1,3,2,1,0,146,34,31,30,18,33,315,9,91,137,68,10,461,43,122,167,86,43
"2787","141470210",1,1002,578,18,173,288,92,7,35,4,19,8,4,0,389,104,90,85,47,63,613,22,192,296,96,7,1002,126,282,381,143,70
"2788","141401711",1,978,628,28,178,255,129,38,13,3,6,3,1,0,337,69,68,33,56,111,641,31,184,258,130,38,978,100,252,291,186,149
"2789","141190211",1,65,38,0,12,13,10,3,1,0,1,0,0,0,26,5,8,6,6,1,39,0,13,13,10,3,65,5,21,19,16,4
"2790","141190804",1,552,333,8,92,135,78,20,21,2,9,7,2,1,198,31,27,19,34,87,354,10,101,142,80,21,552,41,128,161,114,108
"2791","141470209",1,611,334,9,99,153,64,9,22,1,12,8,1,0,255,71,62,47,36,39,356,10,111,161,65,9,611,81,173,208,101,48
"2792","141470212",1,546,303,17,94,124,55,13,23,0,10,7,5,1,220,50,48,37,39,46,326,17,104,131,60,14,546,67,152,168,99,60
"2793","141190802",1,564,370,26,113,170,54,7,12,2,5,3,2,0,182,46,34,40,30,32,382,28,118,173,56,7,564,74,152,213,86,39
"2794","141470211",1,562,322,8,82,149,66,17,34,3,14,13,3,1,206,38,35,48,37,48,356,11,96,162,69,18,562,49,131,210,106,66
"2795","141260301",1,43,18,1,3,7,4,3,1,0,0,1,0,0,24,3,4,3,7,7,19,1,3,8,4,3,43,4,7,11,11,10
"2796","141470213",1,596,294,8,101,134,44,7,32,6,14,9,3,0,270,50,71,72,34,43,326,14,115,143,47,7,596,64,186,215,81,50
"2797","141190805",1,566,327,9,71,168,63,16,12,2,5,4,1,0,227,38,42,30,41,76,339,11,76,172,64,16,566,49,118,202,105,92
"2798","140911305",1,14,11,0,2,6,2,1,2,0,2,0,0,0,1,0,0,1,0,0,13,0,4,6,2,1,14,0,4,7,2,1
"2799","141190806",1,558,328,14,97,144,60,13,27,3,11,7,5,1,203,40,36,36,32,59,355,17,108,151,65,14,558,57,144,187,97,73
"2800","141190807",1,652,389,12,140,136,84,17,45,6,24,12,3,0,218,49,36,43,44,46,434,18,164,148,87,17,652,67,200,191,131,63
"2801","141190809",1,785,458,5,120,195,106,32,13,0,6,4,3,0,314,52,58,24,47,133,471,5,126,199,109,32,785,57,184,223,156,165
"2802","141190810",1,761,470,3,111,220,99,37,14,0,7,6,1,0,277,52,43,27,43,112,484,3,118,226,100,37,761,55,161,253,143,149
"2803","141190808",1,845,525,18,137,257,92,21,28,1,11,6,9,1,292,69,46,38,40,99,553,19,148,263,101,22,845,88,194,301,141,121
"2804","141190811",1,690,444,15,126,197,73,33,7,1,3,1,2,0,239,40,43,22,36,98,451,16,129,198,75,33,690,56,172,220,111,131
"2805","141190813",1,693,435,18,95,207,90,25,15,2,7,4,2,0,243,45,36,34,30,98,450,20,102,211,92,25,693,65,138,245,122,123
"2806","140911306",1,21,14,1,5,3,3,2,0,0,0,0,0,0,7,1,2,1,2,1,14,1,5,3,3,2,21,2,7,4,5,3
"2807","141190402",1,66,58,5,17,26,8,2,0,0,0,0,0,0,8,0,1,5,1,1,58,5,17,26,8,2,66,5,18,31,9,3
"2808","141190814",1,735,422,6,113,176,105,22,7,2,3,0,1,1,306,51,65,30,55,105,429,8,116,176,106,23,735,59,181,206,161,128
"2809","141190812",1,818,482,19,146,202,98,17,14,0,7,4,2,1,322,60,49,48,59,106,496,19,153,206,100,18,818,79,202,254,159,124
"2810","141260303",1,299,125,7,30,50,27,11,21,0,5,9,7,0,153,22,20,27,34,50,146,7,35,59,34,11,299,29,55,86,68,61
"2811","141190815",1,1053,654,10,229,240,153,22,31,0,20,6,3,2,368,67,58,58,67,118,685,10,249,246,156,24,1053,77,307,304,223,142
"2812","141190817",1,605,360,20,100,170,51,19,25,3,14,5,3,0,220,51,42,51,41,35,385,23,114,175,54,19,605,74,156,226,95,54
"2813","141190816",1,617,310,9,73,134,76,18,13,0,8,3,1,1,294,34,43,35,57,125,323,9,81,137,77,19,617,43,124,172,134,144
"2814","141190305",1,89,63,4,22,25,11,1,0,0,0,0,0,0,26,5,8,6,5,2,63,4,22,25,11,1,89,9,30,31,16,3
"2815","140911307",1,13,7,0,0,7,0,0,0,0,0,0,0,0,6,0,1,3,0,2,7,0,0,7,0,0,13,0,1,10,0,2
"2816","141190403",1,36,24,3,2,8,8,3,0,0,0,0,0,0,12,3,3,3,2,1,24,3,2,8,8,3,36,6,5,11,10,4
"2817","141260304",1,694,374,20,90,173,71,20,13,1,4,4,4,0,307,57,70,59,56,65,387,21,94,177,75,20,694,78,164,236,131,85
"2818","141260402",1,88,32,1,10,7,10,4,0,0,0,0,0,0,56,8,11,13,15,9,32,1,10,7,10,4,88,9,21,20,25,13
"2819","141470207",1,800,487,17,131,234,81,24,54,5,24,18,6,1,259,71,51,64,36,37,541,22,155,252,87,25,800,93,206,316,123,62
"2820","141401514",1,273,180,11,45,68,46,10,3,1,1,1,0,0,90,16,11,14,19,30,183,12,46,69,46,10,273,28,57,83,65,40
"2821","141470501",1,64,34,2,8,14,6,4,2,0,2,0,0,0,28,2,3,6,5,12,36,2,10,14,6,4,64,4,13,20,11,16
"2822","141470208",1,667,390,11,115,185,72,7,49,2,21,18,6,2,228,60,49,38,45,36,439,13,136,203,78,9,667,73,185,241,123,45
"2823","141260302",1,5,0,0,0,0,0,0,0,0,0,0,0,0,5,0,0,0,2,3,0,0,0,0,0,0,5,0,0,0,2,3
"2824","141401704",1,64,41,5,10,16,7,3,0,0,0,0,0,0,23,3,3,7,6,4,41,5,10,16,7,3,64,8,13,23,13,7
"2825","141470303",1,306,190,8,47,87,37,11,5,1,1,2,1,0,111,31,27,22,15,16,195,9,48,89,38,11,306,40,75,111,53,27
"2826","140770108",1,70,33,2,9,14,3,5,1,0,0,0,1,0,36,3,14,11,3,5,34,2,9,14,4,5,70,5,23,25,7,10
"2827","141470301",1,86,49,4,16,20,8,1,4,0,1,3,0,0,33,8,9,11,3,2,53,4,17,23,8,1,86,12,26,34,11,3
"2828","141260401",1,227,94,5,25,36,19,9,5,0,2,0,3,0,128,17,24,36,23,28,99,5,27,36,22,9,227,22,51,72,45,37
"2829","141190212",1,379,202,8,67,82,39,6,10,1,4,1,3,1,167,34,44,32,23,34,212,9,71,83,42,7,379,43,115,115,65,41
"2830","141470307",1,350,196,10,56,89,34,7,19,1,7,8,2,1,135,25,30,39,17,24,215,11,63,97,36,8,350,36,93,136,53,32
"2831","141401705",1,220,132,7,41,62,19,3,3,0,0,3,0,0,85,22,15,22,16,10,135,7,41,65,19,3,220,29,56,87,35,13
"2832","141470308",1,884,484,32,143,218,81,10,50,2,26,19,3,0,350,104,77,82,54,33,534,34,169,237,84,10,884,138,246,319,138,43
"2833","141260201",1,114,44,1,13,21,7,2,1,0,1,0,0,0,69,12,12,22,13,10,45,1,14,21,7,2,114,13,26,43,20,12
"2834","140911308",1,11,7,0,1,4,2,0,0,0,0,0,0,0,4,0,2,0,0,2,7,0,1,4,2,0,11,0,3,4,2,2
"2835","141470302",1,237,133,2,32,55,39,5,7,2,3,0,1,1,97,17,13,27,14,26,140,4,35,55,40,6,237,21,48,82,54,32
"2836","141190206",1,16,8,0,0,3,1,4,0,0,0,0,0,0,8,1,1,3,0,3,8,0,0,3,1,4,16,1,1,6,1,7
"2837","141400108",1,123,100,9,26,36,22,7,3,1,2,0,0,0,20,2,3,7,4,4,103,10,28,36,22,7,123,12,31,43,26,11
"2838","141470802",1,875,536,16,152,245,111,12,43,2,20,16,4,1,296,66,72,46,58,54,579,18,172,261,115,13,875,84,244,307,173,67
"2839","141190407",1,157,118,10,44,42,17,5,0,0,0,0,0,0,39,8,17,10,3,1,118,10,44,42,17,5,157,18,61,52,20,6
"2840","141470801",1,662,382,4,65,205,89,19,19,0,8,6,4,1,261,54,68,28,36,75,401,4,73,211,93,20,662,58,141,239,129,95
"2841","141470803",1,939,590,23,189,299,72,7,41,5,20,11,4,1,308,93,69,76,40,30,631,28,209,310,76,8,939,121,278,386,116,38
"2842","141401602",1,155,123,6,52,41,22,2,0,0,0,0,0,0,32,5,12,3,7,5,123,6,52,41,22,2,155,11,64,44,29,7
"2843","141401601",1,95,76,6,22,30,16,2,0,0,0,0,0,0,19,4,6,6,2,1,76,6,22,30,16,2,95,10,28,36,18,3
"2844","141470402",1,91,60,1,12,34,11,2,3,0,1,1,1,0,28,10,3,6,3,6,63,1,13,35,12,2,91,11,16,41,15,8
"2845","141260202",1,22,16,0,2,8,5,1,0,0,0,0,0,0,6,2,1,1,0,2,16,0,2,8,5,1,22,2,3,9,5,3
"2846","141470805",1,1301,748,17,215,358,136,22,91,5,40,31,14,1,462,135,91,87,59,90,839,22,255,389,150,23,1301,157,346,476,209,113
"2847","141470902",1,1117,643,30,220,293,89,11,52,5,21,20,6,0,422,125,101,103,48,45,695,35,241,313,95,11,1117,160,342,416,143,56
"2848","141470901",1,861,452,12,151,210,73,6,56,2,33,11,10,0,353,85,87,73,64,44,508,14,184,221,83,6,861,99,271,294,147,50
"2849","141470804",1,714,427,7,139,152,114,15,31,2,11,13,5,0,256,45,63,34,58,56,458,9,150,165,119,15,714,54,213,199,177,71
"2850","141190406",1,95,65,2,31,25,3,4,3,0,2,1,0,0,27,2,10,9,2,4,68,2,33,26,3,4,95,4,43,35,5,8
"2851","141470405",1,422,206,4,58,86,50,8,18,1,13,4,0,0,198,42,36,35,38,47,224,5,71,90,50,8,422,47,107,125,88,55
"2852","141470807",1,800,462,10,140,223,72,17,42,4,22,15,0,1,296,59,60,48,59,70,504,14,162,238,72,18,800,73,222,286,131,88
"2853","141190605",1,986,550,7,155,284,86,18,34,5,17,10,1,1,402,80,72,80,68,102,584,12,172,294,87,19,986,92,244,374,155,121
"2854","141470812",1,825,527,11,135,290,75,16,38,6,16,8,7,1,260,57,42,45,38,78,565,17,151,298,82,17,825,74,193,343,120,95
"2855","141470806",1,1073,619,9,183,248,157,22,59,2,33,14,10,0,395,60,72,51,81,131,678,11,216,262,167,22,1073,71,288,313,248,153
"2856","141190102",1,196,119,9,27,47,24,12,3,0,3,0,0,0,74,18,13,18,11,14,122,9,30,47,24,12,196,27,43,65,35,26
"2857","141470903",1,1060,630,30,192,277,116,15,35,1,22,8,4,0,395,87,90,90,60,68,665,31,214,285,120,15,1060,118,304,375,180,83
"2858","141190606",1,1029,543,12,169,264,77,21,66,7,34,23,1,1,420,103,79,85,70,83,609,19,203,287,78,22,1029,122,282,372,148,105
"2859","141470808",1,709,387,4,111,180,83,9,26,0,15,8,3,0,296,35,47,31,55,128,413,4,126,188,86,9,709,39,173,219,141,137
"2860","141190603",1,786,465,11,117,221,103,13,30,1,13,9,7,0,291,62,69,30,49,81,495,12,130,230,110,13,786,74,199,260,159,94
"2861","141470809",1,584,341,6,81,149,86,19,18,0,9,5,4,0,225,32,39,21,42,91,359,6,90,154,90,19,584,38,129,175,132,110
"2862","141470906",1,860,488,16,140,223,85,24,37,0,23,8,4,2,335,50,71,56,52,106,525,16,163,231,89,26,860,66,234,287,141,132
"2863","141470811",1,566,333,3,84,136,83,27,14,0,5,5,2,2,219,36,54,21,35,73,347,3,89,141,85,29,566,39,143,162,120,102
"2864","141470502",1,72,34,0,5,8,16,5,0,0,0,0,0,0,38,7,5,6,9,11,34,0,5,8,16,5,72,7,10,14,25,16
"2865","141470810",1,405,228,2,48,95,67,16,9,0,6,2,1,0,168,12,38,9,31,78,237,2,54,97,68,16,405,14,92,106,99,94
"2866","141190604",1,594,308,12,92,133,57,14,20,3,11,4,2,0,266,31,34,32,47,122,328,15,103,137,59,14,594,46,137,169,106,136
"2867","141470813",1,575,306,2,63,144,73,24,9,0,5,1,3,0,260,31,40,12,43,134,315,2,68,145,76,24,575,33,108,157,119,158
"2868","141470814",1,588,317,2,94,125,75,21,17,0,6,6,4,1,254,39,28,25,41,121,334,2,100,131,79,22,588,41,128,156,120,143
"2869","141470907",1,405,232,1,74,107,40,10,17,2,9,3,3,0,156,25,24,12,26,69,249,3,83,110,43,10,405,28,107,122,69,79
"2870","141470507",1,270,139,4,36,56,35,8,12,3,5,3,1,0,119,14,18,11,33,43,151,7,41,59,36,8,270,21,59,70,69,51
"2871","141190210",1,35,23,0,10,7,6,0,1,0,1,0,0,0,11,2,2,3,3,1,24,0,11,7,6,0,35,2,13,10,9,1
"2872","141190616",1,637,380,4,96,227,51,2,29,3,13,8,4,1,228,81,39,45,31,32,409,7,109,235,55,3,637,88,148,280,86,35
"2873","141470905",1,573,310,9,76,153,66,6,23,3,10,8,2,0,240,53,52,44,41,50,333,12,86,161,68,6,573,65,138,205,109,56
"2874","141470904",1,548,308,6,106,137,54,5,45,1,22,18,4,0,195,52,39,38,32,34,353,7,128,155,58,5,548,59,167,193,90,39
"2875","141190215",1,538,269,8,81,105,64,11,18,1,7,7,3,0,251,37,43,46,50,75,287,9,88,112,67,11,538,46,131,158,117,86
"2876","141190607",1,746,381,10,98,182,76,15,25,2,13,9,1,0,340,55,52,37,67,129,406,12,111,191,77,15,746,67,163,228,144,144
"2877","141190615",1,563,310,6,86,133,72,13,22,0,6,13,3,0,231,49,25,44,41,72,332,6,92,146,75,13,563,55,117,190,116,85
"2878","141470508",1,485,274,9,61,130,64,10,13,1,6,5,0,1,198,30,34,48,38,48,287,10,67,135,64,11,485,40,101,183,102,59
"2879","141190602",1,874,497,25,150,212,86,24,28,2,16,7,2,1,349,50,68,61,64,106,525,27,166,219,88,25,874,77,234,280,152,131
"2880","141470815",1,535,345,11,94,144,74,22,9,1,4,2,1,1,181,31,41,19,28,62,354,12,98,146,75,23,535,43,139,165,103,85
"2881","141471001",1,532,313,5,77,156,62,13,19,0,11,4,4,0,200,27,49,20,30,74,332,5,88,160,66,13,532,32,137,180,96,87
"2882","141470306",1,55,29,1,3,18,4,3,6,0,2,2,2,0,20,5,2,5,6,2,35,1,5,20,6,3,55,6,7,25,12,5
"2883","141470908",1,765,397,6,118,185,73,15,41,0,16,14,10,1,327,52,60,49,65,101,438,6,134,199,83,16,765,58,194,248,148,117
"2884","141470910",1,501,260,8,78,130,40,4,13,2,5,4,2,0,228,45,33,41,47,62,273,10,83,134,42,4,501,55,116,175,89,66
"2885","141470912",1,918,524,20,137,244,103,20,45,0,23,13,9,0,349,75,62,60,55,97,569,20,160,257,112,20,918,95,222,317,167,117
"2886","141470401",1,132,69,3,19,29,12,6,2,0,1,1,0,0,61,17,13,13,7,11,71,3,20,30,12,6,132,20,33,43,19,17
"2887","141470305",1,185,104,2,24,40,28,10,14,1,6,2,3,2,67,11,10,14,15,17,118,3,30,42,31,12,185,14,40,56,46,29
"2888","141190608",1,518,290,3,81,128,60,18,15,0,10,4,1,0,213,37,25,16,39,96,305,3,91,132,61,18,518,40,116,148,100,114
"2889","141471003",1,430,239,7,63,97,65,7,10,0,4,5,1,0,181,21,23,13,31,93,249,7,67,102,66,7,430,28,90,115,97,100
"2890","141190601",1,939,495,27,140,221,90,17,41,1,23,11,5,1,403,73,82,95,80,73,536,28,163,232,95,18,939,101,245,327,175,91
"2891","141470816",1,414,229,3,52,93,56,25,8,0,4,2,2,0,177,20,23,7,34,93,237,3,56,95,58,25,414,23,79,102,92,118
"2892","141470911",1,487,256,2,66,113,50,25,23,2,11,7,2,1,208,23,36,32,36,81,279,4,77,120,52,26,487,27,113,152,88,107
"2893","141470817",1,232,136,1,39,58,24,14,11,0,6,4,1,0,85,10,6,7,8,54,147,1,45,62,25,14,232,11,51,69,33,68
"2894","141190617",1,500,346,10,52,251,31,2,10,0,5,4,1,0,144,46,29,43,11,15,356,10,57,255,32,2,500,56,86,298,43,17
"2895","141190214",1,596,301,9,76,162,43,11,24,5,3,13,3,0,271,61,51,54,47,58,325,14,79,175,46,11,596,75,130,229,93,69
"2896","141190609",1,607,322,8,94,136,71,13,7,0,4,1,2,0,278,45,46,43,47,97,329,8,98,137,73,13,607,53,144,180,120,110
"2897","141470909",1,479,256,4,60,125,54,13,24,5,10,7,2,0,199,26,24,17,37,95,280,9,70,132,56,13,479,35,94,149,93,108
"2898","141471002",1,700,412,14,106,195,90,7,36,3,18,11,4,0,252,56,46,45,39,66,448,17,124,206,94,7,700,73,170,251,133,73
"2899","141190614",1,384,199,3,49,86,49,12,16,0,8,5,3,0,169,21,15,18,30,85,215,3,57,91,52,12,384,24,72,109,82,97
"2900","141471005",1,727,366,4,87,149,108,18,34,0,23,7,2,2,327,43,53,36,48,147,400,4,110,156,110,20,727,47,163,192,158,167
"2901","141190618",1,726,395,14,128,150,94,9,23,3,7,6,7,0,308,44,62,37,76,89,418,17,135,156,101,9,726,61,197,193,177,98
"2902","141471006",1,485,294,7,70,116,73,28,17,1,8,7,1,0,174,24,33,17,31,69,311,8,78,123,74,28,485,32,111,140,105,97
"2903","141190613",1,503,272,2,58,116,71,25,16,0,10,3,3,0,215,23,34,16,45,97,288,2,68,119,74,25,503,25,102,135,119,122
"2904","141190310",1,599,373,10,123,146,76,18,11,1,5,4,1,0,215,45,30,38,26,76,384,11,128,150,77,18,599,56,158,188,103,94
"2905","141471004",1,536,291,0,71,141,67,12,20,1,10,2,7,0,225,44,34,26,39,82,311,1,81,143,74,12,536,45,115,169,113,94
"2906","141471009",1,600,348,9,96,148,74,21,31,4,10,15,2,0,221,38,44,23,38,78,379,13,106,163,76,21,600,51,150,186,114,99
"2907","141470914",1,581,350,7,103,152,66,22,21,0,9,8,4,0,210,35,39,12,37,87,371,7,112,160,70,22,581,42,151,172,107,109
"2908","141190610",1,669,366,8,102,176,71,9,16,1,10,5,0,0,287,56,52,52,44,83,382,9,112,181,71,9,669,65,164,233,115,92
"2909","141470913",1,936,542,9,151,237,115,30,40,0,16,15,9,0,354,58,55,53,76,112,582,9,167,252,124,30,936,67,222,305,200,142
"2910","141190611",1,727,376,11,94,174,83,14,39,1,25,9,4,0,312,57,64,56,49,86,415,12,119,183,87,14,727,69,183,239,136,100
"2911","141471014",1,1105,703,25,187,369,102,20,59,0,20,33,6,0,343,85,67,73,56,62,762,25,207,402,108,20,1105,110,274,475,164,82
"2912","141470915",1,636,348,7,96,160,69,16,31,2,13,11,4,1,257,50,38,29,41,99,379,9,109,171,73,17,636,59,147,200,114,116
"2913","141190311",1,572,348,18,117,142,63,8,16,3,6,6,1,0,208,46,40,23,41,58,364,21,123,148,64,8,572,67,163,171,105,66
"2914","141190619",1,856,467,12,147,198,102,8,38,3,16,15,4,0,351,70,80,63,54,84,505,15,163,213,106,8,856,85,243,276,160,92
"2915","141471007",1,554,309,3,71,152,65,18,27,1,18,8,0,0,218,26,36,21,35,100,336,4,89,160,65,18,554,30,125,181,100,118
"2916","141470918",1,550,307,14,91,140,58,4,61,2,25,25,8,1,182,44,32,39,24,43,368,16,116,165,66,5,550,60,148,204,90,48
"2917","141470916",1,589,349,7,89,166,74,13,34,4,14,9,6,1,206,39,28,26,40,73,383,11,103,175,80,14,589,50,131,201,120,87
"2918","141470917",1,494,302,7,86,132,63,14,19,0,9,7,3,0,173,47,25,29,22,50,321,7,95,139,66,14,494,54,120,168,88,64
"2919","141190316",1,848,551,25,136,286,88,16,13,1,11,1,0,0,284,68,33,53,33,97,564,26,147,287,88,16,848,94,180,340,121,113
"2920","141190612",1,727,377,10,99,193,61,14,26,3,11,11,1,0,324,56,68,49,51,100,403,13,110,204,62,14,727,69,178,253,113,114
"2921","141190209",1,73,46,3,11,18,12,2,2,1,1,0,0,0,25,11,4,5,5,0,48,4,12,18,12,2,73,15,16,23,17,2
"2922","141471010",1,958,564,8,149,263,118,26,37,0,20,9,7,1,357,51,60,60,77,109,601,8,169,272,125,27,958,59,229,332,202,136
"2923","141471008",1,947,486,7,149,208,106,16,69,3,32,18,13,3,392,71,59,53,75,134,555,10,181,226,119,19,947,81,240,279,194,153
"2924","141471013",1,771,426,12,117,213,70,14,42,6,14,14,7,1,303,83,62,49,45,64,468,18,131,227,77,15,771,101,193,276,122,79
"2925","141190315",1,748,455,3,128,181,114,29,10,1,4,4,1,0,283,44,46,30,49,114,465,4,132,185,115,29,748,48,178,215,164,143
"2926","141260403",1,79,34,0,9,16,6,3,3,0,2,1,0,0,42,11,7,5,9,10,37,0,11,17,6,3,79,11,18,22,15,13
"2927","141190620",1,787,402,13,139,169,72,9,41,8,18,15,0,0,344,89,67,61,54,73,443,21,157,184,72,9,787,110,224,245,126,82
"2928","141260305",1,122,50,1,12,27,9,1,0,0,0,0,0,0,72,12,12,17,13,18,50,1,12,27,9,1,122,13,24,44,22,19
"2929","141190314",1,971,590,12,142,295,115,26,9,2,6,0,1,0,372,67,68,55,57,125,599,14,148,295,116,26,971,81,216,350,173,151
"2930","141470919",1,705,386,8,117,186,65,10,43,7,13,19,4,0,276,95,53,52,37,39,429,15,130,205,69,10,705,110,183,257,106,49
"2931","141190312",1,518,349,12,120,138,64,15,14,1,8,3,1,1,155,30,32,26,20,47,363,13,128,141,65,16,518,43,160,167,85,63
"2932","141471012",1,770,452,21,152,191,77,11,41,3,17,12,8,1,277,51,53,51,54,68,493,24,169,203,85,12,770,75,222,254,139,80
"2933","141471011",1,1142,594,22,177,262,120,13,50,4,21,8,15,2,498,97,94,92,74,141,644,26,198,270,135,15,1142,123,292,362,209,156
"2934","141190405",1,45,34,1,14,11,5,3,0,0,0,0,0,0,11,2,4,3,2,0,34,1,14,11,5,3,45,3,18,14,7,3
"2935","141190621",1,767,407,15,125,195,65,7,62,9,31,13,8,1,298,68,65,65,39,61,469,24,156,208,73,8,767,92,221,273,112,69
"2936","141470701",1,77,55,0,16,25,11,3,0,0,0,0,0,0,22,5,4,4,3,6,55,0,16,25,11,3,77,5,20,29,14,9
"2937","141190313",1,547,376,25,106,178,62,5,16,7,3,5,1,0,155,50,27,39,13,26,392,32,109,183,63,5,547,82,136,222,76,31
"2938","141471015",1,1255,708,32,246,310,103,17,89,2,45,30,9,3,458,107,105,91,69,86,797,34,291,340,112,20,1255,141,396,431,181,106
"2939","141401515",1,248,136,1,41,54,37,3,4,0,2,1,1,0,108,20,19,17,14,38,140,1,43,55,38,3,248,21,62,72,52,41
"2940","141190702",1,756,420,13,112,201,83,11,33,5,12,11,3,2,303,47,65,60,59,72,453,18,124,212,86,13,756,65,189,272,145,85
"2941","141190703",1,1101,657,33,182,312,109,21,36,2,18,12,4,0,408,80,83,67,79,99,693,35,200,324,113,21,1101,115,283,391,192,120
"2942","141190701",1,798,433,16,136,184,84,13,41,4,20,14,3,0,324,75,70,73,51,55,474,20,156,198,87,13,798,95,226,271,138,68
"2943","141190404",1,75,62,4,19,25,13,1,1,0,0,1,0,0,12,1,5,3,2,1,63,4,19,26,13,1,75,5,24,29,15,2
"2944","141190713",1,686,466,22,122,235,76,11,20,3,7,7,2,1,200,55,38,43,33,31,486,25,129,242,78,12,686,80,167,285,111,43
"2945","141190704",1,919,572,19,170,262,112,9,20,1,7,7,5,0,327,66,57,71,51,82,592,20,177,269,117,9,919,86,234,340,168,91
"2946","141190705",1,886,485,7,135,214,109,20,34,2,16,10,5,1,367,61,70,63,85,88,519,9,151,224,114,21,886,70,221,287,199,109
"2947","141190706",1,903,546,7,132,272,103,32,23,2,10,7,3,1,334,57,55,43,70,109,569,9,142,279,106,33,903,66,197,322,176,142
"2948","141260203",1,85,37,2,8,17,6,4,2,0,2,0,0,0,46,4,9,17,7,9,39,2,10,17,6,4,85,6,19,34,13,13
"2949","141190707",1,722,426,4,99,184,106,33,14,1,7,4,2,0,282,41,43,22,36,140,440,5,106,188,108,33,722,46,149,210,144,173
"2950","141401714",1,821,487,16,131,207,102,31,11,1,5,3,2,0,323,33,48,37,58,147,498,17,136,210,104,31,821,50,184,247,162,178
"2951","141190712",1,663,360,7,103,181,60,9,19,1,7,4,7,0,284,65,46,46,44,83,379,8,110,185,67,9,663,73,156,231,111,92
"2952","141190207",1,6,5,0,1,1,1,2,0,0,0,0,0,0,1,0,0,0,1,0,5,0,1,1,1,2,6,0,1,1,2,2
"2953","141190410",1,951,624,26,193,239,129,37,10,3,5,2,0,0,317,50,44,44,61,118,634,29,198,241,129,37,951,79,242,285,190,155
"2954","141401713",1,380,222,4,51,84,61,22,0,0,0,0,0,0,158,14,28,11,33,72,222,4,51,84,61,22,380,18,79,95,94,94
"2955","141470702",1,30,19,1,4,6,6,2,1,0,0,1,0,0,10,4,3,1,1,1,20,1,4,7,6,2,30,5,7,8,7,3
"2956","141401712",1,494,244,6,69,117,44,8,11,0,9,1,1,0,239,33,39,24,39,104,255,6,78,118,45,8,494,39,117,142,84,112
"2957","141470304",1,304,182,6,53,74,39,10,11,0,5,2,3,1,111,27,21,18,25,20,193,6,58,76,42,11,304,33,79,94,67,31
"2958","141470309",1,622,378,11,74,191,82,20,21,1,7,9,4,0,223,39,41,46,37,60,399,12,81,200,86,20,622,51,122,246,123,80
"2959","141470703",1,27,17,0,7,6,3,1,1,0,1,0,0,0,9,1,1,0,3,4,18,0,8,6,3,1,27,1,9,6,6,5
"2960","141190708",1,788,469,23,128,212,97,9,31,4,15,6,5,1,288,49,51,67,48,73,500,27,143,218,102,10,788,76,194,285,150,83
"2961","141190711",1,588,280,3,48,150,73,6,18,0,10,6,1,1,290,52,50,61,49,78,298,3,58,156,74,7,588,55,108,217,123,85
"2962","141190411",1,959,600,20,140,281,116,43,10,4,3,1,2,0,349,62,50,47,52,138,610,24,143,282,118,43,959,86,193,329,170,181
"2963","141190710",1,824,441,3,114,192,101,31,20,1,9,9,1,0,363,42,62,41,59,159,461,4,123,201,102,31,824,46,185,242,161,190
"2964","141190714",1,542,285,6,67,145,57,10,13,1,8,1,3,0,244,49,49,57,37,52,298,7,75,146,60,10,542,56,124,203,97,62
"2965","141260501",1,30,3,0,0,1,2,0,0,0,0,0,0,0,27,1,0,11,5,10,3,0,0,1,2,0,30,1,0,12,7,10
"2966","141401715",1,734,491,33,155,202,89,12,18,1,9,3,5,0,225,52,45,41,29,58,509,34,164,205,94,12,734,86,209,246,123,70
"2967","141401707",1,54,45,1,17,20,4,3,0,0,0,0,0,0,9,3,2,1,1,2,45,1,17,20,4,3,54,4,19,21,5,5
"2968","141260307",1,522,253,7,79,118,40,9,16,0,7,6,3,0,253,58,57,59,44,35,269,7,86,124,43,9,522,65,143,183,87,44
"2969","141190709",1,768,474,21,124,241,77,11,52,5,20,22,5,0,242,79,41,54,26,42,526,26,144,263,82,11,768,105,185,317,108,53
"2970","141260309",1,404,227,3,58,97,52,17,18,1,8,5,4,0,159,17,26,24,35,57,245,4,66,102,56,17,404,21,92,126,91,74
"2971","141470503",1,105,30,0,7,11,9,3,0,0,0,0,0,0,75,6,14,16,20,19,30,0,7,11,9,3,105,6,21,27,29,22
"2972","141260308",1,671,341,17,95,148,69,12,28,1,17,9,1,0,302,68,59,54,59,62,369,18,112,157,70,12,671,86,171,211,129,74
"2973","141260311",1,610,332,8,92,156,57,19,14,2,7,2,2,1,264,46,29,37,43,109,346,10,99,158,59,20,610,56,128,195,102,129
"2974","141470708",1,88,66,0,20,25,19,2,0,0,0,0,0,0,22,3,8,3,3,5,66,0,20,25,19,2,88,3,28,28,22,7
"2975","141260310",1,288,166,3,45,62,49,7,13,0,6,6,1,0,109,18,26,20,18,27,179,3,51,68,50,7,288,21,77,88,68,34
"2976","141260314",1,823,454,20,123,214,84,13,21,1,12,7,1,0,348,80,70,70,53,75,475,21,135,221,85,13,823,101,205,291,138,88
"2977","141470310",1,720,435,9,126,209,70,21,24,1,8,10,4,1,261,64,48,42,37,70,459,10,134,219,74,22,720,74,182,261,111,92
"2978","141401603",1,121,76,2,26,29,15,4,1,0,0,1,0,0,44,8,14,13,8,1,77,2,26,30,15,4,121,10,40,43,23,5
"2979","141190103",1,138,77,4,12,37,19,5,1,0,1,0,0,0,60,7,12,15,13,13,78,4,13,37,19,5,138,11,25,52,32,18
"2980","141260312",1,574,337,6,79,172,64,16,13,1,2,4,5,1,224,45,29,37,44,69,350,7,81,176,69,17,574,52,110,213,113,86
"2981","141260701",1,338,188,9,48,70,41,20,18,1,12,3,1,1,132,14,22,14,27,55,206,10,60,73,42,21,338,24,82,87,69,76
"2982","141470601",1,320,184,8,45,90,37,4,8,0,3,5,0,0,128,29,23,27,13,36,192,8,48,95,37,4,320,37,71,122,50,40
"2983","141470311",1,476,295,10,67,157,42,19,21,1,10,8,2,0,160,31,23,21,30,55,316,11,77,165,44,19,476,42,100,186,74,74
"2984","141260313",1,576,326,12,91,165,50,8,14,0,5,8,1,0,236,59,54,42,22,59,340,12,96,173,51,8,576,71,150,215,73,67
"2985","141260702",1,549,312,12,83,147,53,17,28,2,12,8,5,1,209,40,32,30,42,65,340,14,95,155,58,18,549,54,127,185,100,83
"2986","141260703",1,339,170,5,48,80,31,6,13,1,4,4,4,0,156,26,16,14,36,64,183,6,52,84,35,6,339,32,68,98,71,70
"2987","141260704",1,510,292,10,78,148,47,9,22,5,8,6,2,1,196,60,41,31,20,44,314,15,86,154,49,10,510,75,127,185,69,54
"2988","141260706",1,470,257,5,51,123,63,15,14,1,4,6,2,1,199,43,26,20,37,73,271,6,55,129,65,16,470,49,81,149,102,89
"2989","141260707",1,521,306,13,81,130,70,12,18,2,7,7,2,0,197,47,32,30,35,53,324,15,88,137,72,12,521,62,120,167,107,65
"2990","141401708",1,206,146,12,45,63,20,6,2,0,2,0,0,0,58,6,20,16,9,7,148,12,47,63,20,6,206,18,67,79,29,13
"2991","141470312",1,393,238,4,49,114,64,7,8,1,3,3,1,0,147,32,27,16,29,43,246,5,52,117,65,7,393,37,79,133,94,50
"2992","141260404",1,269,137,9,29,65,30,4,9,2,2,3,2,0,123,34,21,22,22,24,146,11,31,68,32,4,269,45,52,90,54,28
"2993","141470604",1,280,176,4,37,73,53,9,13,0,6,3,4,0,91,17,17,5,21,31,189,4,43,76,57,9,280,21,60,81,78,40
"2994","141260705",1,571,358,9,107,135,84,23,14,0,5,5,4,0,199,38,33,23,33,72,372,9,112,140,88,23,571,47,145,163,121,95
"2995","141470606",1,379,217,4,45,92,61,15,17,1,4,6,3,3,145,26,28,14,38,39,234,5,49,98,64,18,379,31,77,112,102,57
"2996","141260708",1,653,397,17,93,198,76,13,18,3,6,8,1,0,238,59,32,44,41,62,415,20,99,206,77,13,653,79,131,250,118,75
"2997","141260306",1,95,44,0,4,16,18,6,7,0,1,5,1,0,44,9,5,9,8,13,51,0,5,21,19,6,95,9,10,30,27,19
"2998","141260709",1,458,257,5,57,133,50,12,5,0,0,3,2,0,196,34,27,25,38,72,262,5,57,136,52,12,458,39,84,161,90,84
"2999","141260711",1,533,295,7,80,124,74,10,30,1,15,6,5,3,208,65,38,32,26,47,325,8,95,130,79,13,533,73,133,162,105,60
"3000","141260710",1,366,224,11,68,87,42,16,31,3,16,7,4,1,111,27,16,20,13,35,255,14,84,94,46,17,366,41,100,114,59,52
"3001","141470403",1,154,100,7,19,40,22,12,2,0,2,0,0,0,52,16,8,13,6,9,102,7,21,40,22,12,154,23,29,53,28,21
"3002","141190213",1,791,462,17,110,190,117,28,7,0,4,2,1,0,322,45,64,36,57,120,469,17,114,192,118,28,791,62,178,228,175,148
"3003","141470605",1,226,126,8,19,48,39,12,3,0,0,1,2,0,97,17,13,8,14,45,129,8,19,49,41,12,226,25,32,57,55,57
"3004","141470608",1,369,223,4,40,122,50,7,21,0,6,11,4,0,125,31,22,22,25,25,244,4,46,133,54,7,369,35,68,155,79,32
"3005","141470607",1,289,181,5,34,88,43,11,12,0,4,5,3,0,96,22,12,16,20,26,193,5,38,93,46,11,289,27,50,109,66,37
"3006","141470602",1,176,92,4,22,38,24,4,6,0,3,1,2,0,78,17,10,9,13,29,98,4,25,39,26,4,176,21,35,48,39,33
"3007","141260713",1,214,113,2,30,50,20,11,12,0,4,6,1,1,89,22,9,16,11,31,125,2,34,56,21,12,214,24,43,72,32,43
"3008","141260405",1,97,48,1,6,26,14,1,5,0,2,2,1,0,44,11,5,11,3,14,53,1,8,28,15,1,97,12,13,39,18,15
"3009","141470603",1,304,182,4,39,90,44,5,7,0,3,2,2,0,115,15,12,13,27,48,189,4,42,92,46,5,304,19,54,105,73,53
"3010","141470313",1,343,214,2,40,98,63,11,10,1,5,2,2,0,119,14,15,18,26,46,224,3,45,100,65,11,343,17,60,118,91,57
"3011","141260712",1,636,414,17,90,231,66,10,21,5,6,3,6,1,201,71,34,39,33,24,435,22,96,234,72,11,636,93,130,273,105,35
"3012","141470314",1,319,176,2,34,73,58,9,9,2,2,1,4,0,134,17,14,14,30,59,185,4,36,74,62,9,319,21,50,88,92,68
"3013","141260204",1,173,60,7,17,24,10,2,4,1,2,1,0,0,109,16,21,31,18,23,64,8,19,25,10,2,173,24,40,56,28,25
"3014","141401607",1,486,259,5,59,120,57,18,7,0,2,2,3,0,220,31,52,24,43,70,266,5,61,122,60,18,486,36,113,146,103,88
"3015","141401609",1,574,301,18,61,150,61,11,17,2,5,8,2,0,256,39,35,38,34,110,318,20,66,158,63,11,574,59,101,196,97,121
"3016","141470705",1,3,2,0,0,2,0,0,1,0,0,1,0,0,0,0,0,0,0,0,3,0,0,3,0,0,3,0,0,3,0,0
"3017","141401706",1,131,84,8,27,32,14,3,0,0,0,0,0,0,47,17,9,10,4,7,84,8,27,32,14,3,131,25,36,42,18,10
"3018","141401608",1,852,443,24,127,170,86,36,21,0,3,13,4,1,388,52,61,53,57,165,464,24,130,183,90,37,852,76,191,236,147,202
"3019","141260406",1,351,201,8,55,98,34,6,19,2,4,7,5,1,131,32,19,17,26,37,220,10,59,105,39,7,351,42,78,122,65,44
"3020","141260605",1,299,153,9,37,70,30,7,12,3,5,3,1,0,134,26,22,21,25,40,165,12,42,73,31,7,299,38,64,94,56,47
"3021","141260606",1,27,15,1,6,6,2,0,0,0,0,0,0,0,12,2,2,2,4,2,15,1,6,6,2,0,27,3,8,8,6,2
"3022","141401606",1,205,118,7,32,50,24,5,1,0,0,1,0,0,86,16,27,27,9,7,119,7,32,51,24,5,205,23,59,78,33,12
"3023","141190408",1,152,126,12,39,46,21,8,2,0,1,0,1,0,24,4,7,8,3,2,128,12,40,46,22,8,152,16,47,54,25,10
"3024","141470504",1,113,63,1,15,28,12,7,1,0,0,0,1,0,49,6,3,21,8,11,64,1,15,28,13,7,113,7,18,49,21,18
"3025","141470709",1,143,91,4,27,35,23,2,1,0,0,1,0,0,51,5,6,7,14,19,92,4,27,36,23,2,143,9,33,43,37,21
"3026","141470714",1,377,248,10,76,113,40,9,20,3,8,4,5,0,109,30,21,12,20,26,268,13,84,117,45,9,377,43,105,129,65,35
"3027","141190208",1,13,4,0,1,1,2,0,0,0,0,0,0,0,9,3,2,1,2,1,4,0,1,1,2,0,13,3,3,2,4,1
"3028","141190501",1,204,100,5,36,34,20,5,12,0,5,5,2,0,92,8,15,28,15,26,112,5,41,39,22,5,204,13,56,67,37,31
"3029","141190505",1,93,56,0,19,21,12,4,2,0,1,1,0,0,35,6,8,13,6,2,58,0,20,22,12,4,93,6,28,35,18,6
"3030","141260207",1,88,34,1,12,13,8,0,2,0,2,0,0,0,52,10,3,12,12,15,36,1,14,13,8,0,88,11,17,25,20,15
"3031","141401718",1,189,99,6,41,39,11,2,5,0,5,0,0,0,85,21,28,18,8,10,104,6,46,39,11,2,189,27,74,57,19,12
"3032","141401716",1,508,317,10,88,132,73,14,2,0,1,1,0,0,189,29,32,32,32,64,319,10,89,133,73,14,508,39,121,165,105,78
"3033","141470710",1,232,142,5,41,67,25,4,3,0,2,1,0,0,87,8,20,18,24,17,145,5,43,68,25,4,232,13,63,86,49,21
"3034","141401717",1,648,354,20,83,143,72,36,2,0,1,1,0,0,292,30,65,43,51,103,356,20,84,144,72,36,648,50,149,187,123,139
"3035","141190106",1,475,285,7,61,117,84,16,10,0,5,4,1,0,180,25,29,23,36,67,295,7,66,121,85,16,475,32,95,144,121,83
"3036","141470704",1,113,82,4,33,31,9,5,3,0,1,2,0,0,28,0,9,6,6,7,85,4,34,33,9,5,113,4,43,39,15,12
"3037","141470711",1,222,172,8,41,73,39,11,8,0,2,2,3,1,42,8,1,2,18,13,180,8,43,75,42,12,222,16,44,77,60,25
"3038","141470713",1,103,56,2,10,27,14,3,6,0,2,1,2,1,41,8,10,10,4,9,62,2,12,28,16,4,103,10,22,38,20,13
"3039","141190114",1,793,488,32,170,188,86,12,33,4,9,15,3,2,272,66,71,54,54,27,521,36,179,203,89,14,793,102,250,257,143,41
"3040","141190107",1,491,266,12,80,111,53,10,8,0,4,2,2,0,217,43,24,35,42,73,274,12,84,113,55,10,491,55,108,148,97,83
"3041","141190108",1,820,481,12,132,215,99,23,27,2,11,10,4,0,312,48,57,35,55,117,508,14,143,225,103,23,820,62,200,260,158,140
"3042","141260602",1,71,33,3,5,12,6,7,1,0,0,1,0,0,37,4,8,8,5,12,34,3,5,13,6,7,71,7,13,21,11,19
"3043","141260205",1,58,31,2,8,10,8,3,1,0,0,1,0,0,26,4,4,5,7,6,32,2,8,11,8,3,58,6,12,16,15,9
"3044","141190113",1,591,332,9,76,152,75,20,20,3,12,3,1,1,239,26,44,29,39,101,352,12,88,155,76,21,591,38,132,184,115,122
"3045","141190110",1,363,209,5,48,92,48,16,8,0,5,2,1,0,146,18,26,10,28,64,217,5,53,94,49,16,363,23,79,104,77,80
"3046","141190112",1,775,468,11,126,215,100,16,18,2,9,4,3,0,289,44,49,37,67,92,486,13,135,219,103,16,775,57,184,256,170,108
"3047","141401604",1,27,18,2,1,12,1,2,0,0,0,0,0,0,9,1,2,2,3,1,18,2,1,12,1,2,27,3,3,14,4,3
"3048","141260503",1,10,3,0,0,2,1,0,0,0,0,0,0,0,7,0,1,1,2,3,3,0,0,2,1,0,10,0,1,3,3,3
"3049","141260608",1,449,248,14,52,133,43,6,25,1,13,8,3,0,176,39,20,28,20,69,273,15,65,141,46,6,449,54,85,169,66,75
"3050","141190109",1,927,564,18,144,274,111,17,14,3,8,2,1,0,349,56,50,63,63,117,578,21,152,276,112,17,927,77,202,339,175,134
"3051","141190104",1,44,31,1,7,11,8,4,0,0,0,0,0,0,13,1,1,5,2,4,31,1,7,11,8,4,44,2,8,16,10,8
"3052","141190111",1,632,364,8,86,170,80,20,14,1,6,7,0,0,254,36,53,26,30,109,378,9,92,177,80,20,632,45,145,203,110,129
"3053","141470609",1,325,164,5,35,70,49,5,2,0,0,0,2,0,159,18,31,32,27,51,166,5,35,70,51,5,325,23,66,102,78,56
"3054","141260603",1,289,143,2,22,79,33,7,12,0,4,7,1,0,134,26,24,20,16,48,155,2,26,86,34,7,289,28,50,106,50,55
"3055","141260609",1,380,216,5,45,110,41,15,19,4,6,5,3,1,145,37,24,17,25,42,235,9,51,115,44,16,380,46,75,132,69,58
"3056","141470712",1,143,94,5,15,48,21,5,1,0,0,1,0,0,48,10,6,9,12,11,95,5,15,49,21,5,143,15,21,58,33,16
"3057","141260601",1,165,73,0,23,29,19,2,10,1,7,2,0,0,82,6,15,20,21,20,83,1,30,31,19,2,165,7,45,51,40,22
"3058","141260604",1,261,143,3,33,76,22,9,10,1,5,3,1,0,108,22,19,16,16,35,153,4,38,79,23,9,261,26,57,95,39,44
"3059","141470406",1,331,186,11,63,76,31,5,17,3,7,4,3,0,128,27,28,29,18,26,203,14,70,80,34,5,331,41,98,109,52,31
"3060","141260607",1,323,177,6,43,81,40,7,13,0,5,4,4,0,133,21,20,23,26,43,190,6,48,85,44,7,323,27,68,108,70,50
"3061","141260502",1,260,111,9,23,50,26,3,15,3,6,4,2,0,134,26,26,27,25,30,126,12,29,54,28,3,260,38,55,81,53,33
"3062","141470706",1,69,37,1,9,16,9,2,1,0,1,0,0,0,31,5,7,8,3,8,38,1,10,16,9,2,69,6,17,24,12,10
"3063","141470408",1,775,455,8,95,217,85,50,14,0,3,8,3,0,306,40,50,52,65,99,469,8,98,225,88,50,775,48,148,277,153,149
"3064","140070301",1,41,25,1,6,10,3,5,3,0,2,0,1,0,13,0,3,2,3,5,28,1,8,10,4,5,41,1,11,12,7,10
"3065","141470407",1,793,451,17,125,189,101,19,28,2,18,3,5,0,314,49,52,54,51,108,479,19,143,192,106,19,793,68,195,246,157,127
"3066","141470610",1,380,175,2,36,85,43,9,18,0,8,6,4,0,187,35,25,22,42,63,193,2,44,91,47,9,380,37,69,113,89,72
"3067","140070108",1,270,178,8,41,76,47,6,9,0,3,3,3,0,83,17,16,12,16,22,187,8,44,79,50,6,270,25,60,91,66,28
"3068","141470409",1,427,253,5,83,93,61,11,11,0,7,3,1,0,163,22,31,23,26,61,264,5,90,96,62,11,427,27,121,119,88,72
"3069","141470707",1,72,49,2,12,21,12,2,0,0,0,0,0,0,23,5,3,1,6,8,49,2,12,21,12,2,72,7,15,22,18,10
"3070","141470412",1,896,517,22,160,211,110,14,35,5,18,5,6,1,344,80,72,55,52,85,552,27,178,216,116,15,896,107,250,271,168,100
"3071","141470411",1,557,285,10,83,111,62,19,22,1,10,8,2,1,250,31,38,33,45,103,307,11,93,119,64,20,557,42,131,152,109,123
"3072","141260206",1,598,246,27,65,100,49,5,3,0,1,1,1,0,349,56,61,93,70,69,249,27,66,101,50,5,598,83,127,194,120,74
"3073","141470410",1,589,310,14,99,140,49,8,20,2,10,6,2,0,259,57,43,40,44,75,330,16,109,146,51,8,589,73,152,186,95,83
"3074","140070303",1,13,10,0,4,4,1,1,0,0,0,0,0,0,3,0,0,1,2,0,10,0,4,4,1,1,13,0,4,5,3,1
"3075","141260504",1,318,201,14,72,66,40,9,13,1,8,4,0,0,104,27,22,20,14,21,214,15,80,70,40,9,318,42,102,90,54,30
"3076","140070107",1,21,12,1,1,3,5,2,0,0,0,0,0,0,9,0,1,0,3,5,12,1,1,3,5,2,21,1,2,3,8,7
"3077","141190502",1,46,32,1,7,17,6,1,0,0,0,0,0,0,14,4,5,2,3,0,32,1,7,17,6,1,46,5,12,19,9,1
"3078","141401719",1,572,369,18,98,170,71,12,10,0,9,1,0,0,193,36,40,22,23,72,379,18,107,171,71,12,572,54,147,193,94,84
"3079","141401720",1,449,260,9,54,106,71,20,3,0,0,3,0,0,186,21,28,15,28,94,263,9,54,109,71,20,449,30,82,124,99,114
"3080","141260611",1,91,46,0,8,17,15,6,3,0,0,1,2,0,42,5,6,6,9,16,49,0,8,18,17,6,91,5,14,24,26,22
"3081","141260505",1,270,110,8,35,48,17,2,6,0,4,1,1,0,154,18,37,31,35,33,116,8,39,49,18,2,270,26,76,80,53,35
"3082","140070302",1,40,24,1,7,10,5,1,0,0,0,0,0,0,16,1,0,3,1,11,24,1,7,10,5,1,40,2,7,13,6,12
"3083","141260610",1,431,227,5,66,95,50,11,14,1,10,1,2,0,190,37,24,33,37,59,241,6,76,96,52,11,431,43,100,129,89,70
"3084","141190511",1,696,422,18,127,170,88,19,11,2,2,5,2,0,263,43,51,38,43,88,433,20,129,175,90,19,696,63,180,213,133,107
"3085","141260208",1,451,215,10,69,96,36,4,30,5,17,7,1,0,206,44,50,57,27,28,245,15,86,103,37,4,451,59,136,160,64,32
"3086","141190512",1,657,386,12,114,162,80,18,8,1,5,2,0,0,263,55,36,34,52,86,394,13,119,164,80,18,657,68,155,198,132,104
"3087","141401709",1,256,193,10,68,80,28,7,4,0,0,3,1,0,59,13,19,13,7,7,197,10,68,83,29,7,256,23,87,96,36,14
"3088","140070308",1,198,117,4,23,51,30,9,2,0,1,1,0,0,79,20,15,18,4,22,119,4,24,52,30,9,198,24,39,70,34,31
"3089","141190509",1,36,28,0,10,11,5,2,1,0,0,1,0,0,7,2,3,0,1,1,29,0,10,12,5,2,36,2,13,12,6,3
"3090","141190510",1,49,35,3,7,13,9,3,1,0,1,0,0,0,13,4,3,1,3,2,36,3,8,13,9,3,49,7,11,14,12,5
"3091","141190115",1,746,452,14,141,189,100,8,28,0,15,7,6,0,266,45,53,43,53,72,480,14,156,196,106,8,746,59,209,239,159,80
"3092","141470404",1,26,17,0,1,7,4,5,0,0,0,0,0,0,9,1,3,2,1,2,17,0,1,7,4,5,26,1,4,9,5,7
"3093","141190504",1,158,120,5,30,49,24,12,3,0,1,2,0,0,35,9,9,7,5,5,123,5,31,51,24,12,158,14,40,58,29,17
"3094","141330201",1,403,229,9,62,99,48,11,15,1,7,5,2,0,159,25,29,31,25,49,244,10,69,104,50,11,403,35,98,135,75,60
"3095","141260506",1,193,71,3,23,34,11,0,8,1,1,2,3,1,114,22,19,30,19,24,79,4,24,36,14,1,193,26,43,66,33,25
"3096","141190105",1,69,49,2,17,20,8,2,0,0,0,0,0,0,20,5,5,6,4,0,49,2,17,20,8,2,69,7,22,26,12,2
"3097","140070102",1,275,189,7,58,81,34,9,7,1,2,4,0,0,79,22,17,16,9,15,196,8,60,85,34,9,275,30,77,101,43,24
"3098","141470505",1,49,29,1,4,18,5,1,0,0,0,0,0,0,20,6,0,4,4,6,29,1,4,18,5,1,49,7,4,22,9,7
"3099","140070305",1,205,109,6,29,48,21,5,3,0,2,0,1,0,93,16,20,26,11,20,112,6,31,48,22,5,205,22,51,74,33,25
"3100","141330202",1,179,118,1,28,54,25,10,1,1,0,0,0,0,60,16,6,10,13,15,119,2,28,54,25,10,179,18,34,64,38,25
"3101","141470506",1,29,14,0,0,9,1,4,2,0,2,0,0,0,13,2,1,5,3,2,16,0,2,9,1,4,29,2,3,14,4,6
"3102","140070103",1,161,124,3,33,51,29,8,3,0,1,2,0,0,34,5,4,7,4,14,127,3,34,53,29,8,161,8,38,60,33,22
"3103","140070105",1,189,117,3,43,45,23,3,7,0,3,2,2,0,65,21,15,10,12,7,124,3,46,47,25,3,189,24,61,57,37,10
"3104","141401605",1,227,157,7,47,67,33,3,14,0,11,3,0,0,56,10,10,18,11,7,171,7,58,70,33,3,227,17,68,88,44,10
"3105","141190515",1,593,375,15,88,156,93,23,20,1,9,6,4,0,198,40,35,24,37,62,395,16,97,162,97,23,593,56,132,186,134,85
"3106","141190508",1,91,64,3,14,27,13,7,0,0,0,0,0,0,27,7,7,10,1,2,64,3,14,27,13,7,91,10,21,37,14,9
"3107","141330208",1,457,261,11,61,123,52,14,15,0,7,8,0,0,181,29,30,29,39,54,276,11,68,131,52,14,457,40,98,160,91,68
"3108","140070104",1,57,34,0,15,15,4,0,5,1,2,2,0,0,18,5,5,2,3,3,39,1,17,17,4,0,57,6,22,19,7,3
"3109","141330209",1,240,128,2,20,65,34,7,13,1,5,7,0,0,99,15,13,14,15,42,141,3,25,72,34,7,240,18,38,86,49,49
"3110","141330101",1,56,9,0,2,3,4,0,0,0,0,0,0,0,47,6,12,12,7,10,9,0,2,3,4,0,56,6,14,15,11,10
"3111","140070113",1,362,285,10,74,118,66,17,7,2,2,2,1,0,70,25,10,8,7,20,292,12,76,120,67,17,362,37,86,128,74,37
"3112","141190412",1,587,360,6,81,176,66,31,10,1,4,4,1,0,217,45,32,30,28,82,370,7,85,180,67,31,587,52,117,210,95,113
"3113","141190413",1,801,431,11,121,178,95,26,22,2,9,8,2,1,348,47,55,41,59,146,453,13,130,186,97,27,801,60,185,227,156,173
"3114","141190503",1,170,98,3,24,54,15,2,2,0,1,1,0,0,70,16,13,17,10,14,100,3,25,55,15,2,170,19,38,72,25,16
"3115","141401901",1,893,545,16,155,262,90,22,31,2,15,13,0,1,317,72,77,45,45,78,576,18,170,275,90,23,893,90,247,320,135,101
"3116","141401802",1,624,401,21,109,192,71,8,26,5,11,6,3,1,197,47,41,41,25,43,427,26,120,198,74,9,624,73,161,239,99,52
"3117","141190409",1,331,238,24,80,88,36,10,0,0,0,0,0,0,93,23,24,22,14,10,238,24,80,88,36,10,331,47,104,110,50,20
"3118","141401803",1,528,341,5,80,163,81,12,2,0,0,2,0,0,185,26,36,22,24,77,343,5,80,165,81,12,528,31,116,187,105,89
"3119","141330102",1,276,108,6,36,36,25,5,13,0,4,8,1,0,155,24,38,33,37,23,121,6,40,44,26,5,276,30,78,77,63,28
"3120","141401801",1,511,291,5,66,121,81,18,12,1,6,5,0,0,208,29,32,24,36,87,303,6,72,126,81,18,511,35,104,150,117,105
"3121","141330207",1,287,127,2,30,74,16,5,15,0,6,5,3,1,145,24,24,24,30,43,142,2,36,79,19,6,287,26,60,103,49,49
"3122","141401804",1,582,360,9,102,142,97,10,11,1,7,2,1,0,211,32,60,21,43,55,371,10,109,144,98,10,582,42,169,165,141,65
"3123","141190507",1,22,19,2,4,6,3,4,0,0,0,0,0,0,3,0,1,0,1,1,19,2,4,6,3,4,22,2,5,6,4,5
"3124","141401809",1,572,319,10,69,125,85,30,15,1,7,3,4,0,238,29,40,16,32,121,334,11,76,128,89,30,572,40,116,144,121,151
"3125","141401902",1,499,266,4,69,110,67,16,7,0,3,3,1,0,226,26,34,20,45,101,273,4,72,113,68,16,499,30,106,133,113,117
"3126","141401909",1,665,434,15,110,210,82,17,27,5,8,11,2,1,204,65,45,36,23,35,461,20,118,221,84,18,665,85,163,257,107,53
"3127","140070110",1,325,202,5,55,98,32,12,17,1,7,4,3,2,106,23,15,20,22,26,219,6,62,102,35,14,325,29,77,122,57,40
"3128","141401810",1,407,262,6,62,114,58,22,6,0,2,2,1,1,139,18,18,6,14,83,268,6,64,116,59,23,407,24,82,122,73,106
"3129","141190506",1,80,47,3,8,20,10,6,5,2,3,0,0,0,28,6,2,10,5,5,52,5,11,20,10,6,80,11,13,30,15,11
"3130","140070112",1,353,268,5,67,141,41,14,12,1,4,3,3,1,73,10,5,20,17,21,280,6,71,144,44,15,353,16,76,164,61,36
"3131","141401807",1,471,268,12,65,102,71,18,9,1,4,2,2,0,194,28,31,25,23,87,277,13,69,104,73,18,471,41,100,129,96,105
"3132","141401808",1,658,360,5,93,154,82,26,10,0,7,2,1,0,288,45,35,25,56,127,370,5,100,156,83,26,658,50,135,181,139,153
"3133","141401910",1,928,617,5,134,320,142,16,22,2,7,10,2,1,289,70,67,60,37,55,639,7,141,330,144,17,928,77,208,390,181,72
"3134","141401903",1,338,190,3,41,86,48,12,4,0,1,0,2,1,144,8,24,12,22,78,194,3,42,86,50,13,338,11,66,98,72,91
"3135","141401805",1,534,317,17,103,113,76,8,12,4,2,5,1,0,205,35,43,38,30,59,329,21,105,118,77,8,534,56,148,156,107,67
"3136","141260507",1,321,143,11,40,63,25,4,23,3,6,9,5,0,155,39,31,36,25,24,166,14,46,72,30,4,321,53,77,108,55,28
"3137","141401908",1,472,275,2,67,106,93,7,3,0,0,2,0,1,194,41,27,13,34,79,278,2,67,108,93,8,472,43,94,121,127,87
"3138","141401811",1,560,350,14,87,127,94,28,12,1,7,3,1,0,198,27,44,18,32,77,362,15,94,130,95,28,560,42,138,148,127,105
"3139","141401907",1,460,275,7,50,149,53,16,8,0,5,1,1,1,177,35,24,19,30,69,283,7,55,150,54,17,460,42,79,169,84,86
"3140","141401904",1,380,223,3,63,100,51,6,5,0,2,1,1,1,152,24,28,15,21,64,228,3,65,101,52,7,380,27,93,116,73,71
"3141","140070106",1,62,42,1,17,19,3,2,4,0,2,1,1,0,16,4,4,1,1,6,46,1,19,20,4,2,62,5,23,21,5,8
"3142","140070111",1,446,310,17,81,144,58,10,21,2,7,11,1,0,115,26,18,21,17,33,331,19,88,155,59,10,446,45,106,176,76,43
"3143","141401806",1,654,413,13,118,212,56,14,18,0,11,5,2,0,223,50,49,46,25,53,431,13,129,217,58,14,654,63,178,263,83,67
"3144","141401906",1,462,265,7,61,121,58,18,6,1,2,1,2,0,191,30,23,16,31,91,271,8,63,122,60,18,462,38,86,138,91,109
"3145","141470413",1,391,182,5,51,74,45,7,5,0,2,2,1,0,204,25,37,55,38,49,187,5,53,76,46,7,391,30,90,131,84,56
"3146","141401812",1,551,329,7,74,142,77,29,21,1,9,6,4,1,201,33,32,32,43,61,350,8,83,148,81,30,551,41,115,180,124,91
"3147","141401905",1,378,258,7,63,141,42,5,14,1,10,3,0,0,106,33,17,20,15,21,272,8,73,144,42,5,378,41,90,164,57,26
"3148","141401911",1,546,328,5,87,136,81,19,5,0,4,1,0,0,213,43,44,26,34,66,333,5,91,137,81,19,546,48,135,163,115,85
"3149","141401710",1,176,132,9,42,54,20,7,0,0,0,0,0,0,44,5,12,14,6,7,132,9,42,54,20,7,176,14,54,68,26,14
"3150","141190904",1,614,421,22,94,177,101,27,9,1,4,3,1,0,184,29,32,30,30,63,430,23,98,180,102,27,614,52,130,210,132,90
"3151","140070304",1,37,17,0,4,11,2,0,2,0,0,2,0,0,18,1,5,3,5,4,19,0,4,13,2,0,37,1,9,16,7,4
"3152","140070306",1,70,45,0,11,17,15,2,1,0,1,0,0,0,24,5,6,6,2,5,46,0,12,17,15,2,70,5,18,23,17,7
"3153","141330210",1,167,81,1,9,38,28,5,9,0,3,3,2,1,77,6,17,18,13,23,90,1,12,41,30,6,167,7,29,59,43,29
"3154","141190901",1,665,435,27,113,192,89,14,23,4,5,9,3,2,207,53,42,32,38,42,458,31,118,201,92,16,665,84,160,233,130,58
"3155","141330604",1,601,345,13,68,180,73,11,15,2,5,5,3,0,241,39,48,55,43,56,360,15,73,185,76,11,601,54,121,240,119,67
"3156","141330606",1,426,237,4,68,105,48,12,17,3,7,6,1,0,172,29,24,25,32,62,254,7,75,111,49,12,426,36,99,136,81,74
"3157","141260508",1,623,341,13,80,209,35,4,36,4,17,14,1,0,246,92,39,56,26,33,377,17,97,223,36,4,623,109,136,279,62,37
"3158","141260509",1,944,513,22,147,271,65,8,33,5,15,9,4,0,398,100,102,91,51,54,546,27,162,280,69,8,944,127,264,371,120,62
"3159","141260513",1,407,181,7,59,86,28,1,62,10,24,17,11,0,164,35,34,31,29,35,243,17,83,103,39,1,407,52,117,134,68,36
"3160","141190905",1,619,349,9,85,155,76,24,22,2,10,6,3,1,248,41,34,34,50,89,371,11,95,161,79,25,619,52,129,195,129,114
"3161","141330602",1,936,552,14,108,268,130,32,22,4,7,8,2,1,362,50,58,56,77,121,574,18,115,276,132,33,936,68,173,332,209,154
"3162","141190911",1,740,475,10,130,184,123,28,11,1,7,1,2,0,254,45,37,26,57,89,486,11,137,185,125,28,740,56,174,211,182,117
"3163","141330603",1,677,379,6,79,204,80,10,11,0,8,3,0,0,287,36,51,50,48,102,390,6,87,207,80,10,677,42,138,257,128,112
"3164","141330106",1,56,25,2,4,12,4,3,4,0,2,0,1,1,27,4,8,10,3,2,29,2,6,12,5,4,56,6,14,22,8,6
"3165","141190902",1,730,450,25,123,195,87,20,25,5,7,10,3,0,255,42,51,49,44,69,475,30,130,205,90,20,730,72,181,254,134,89
"3166","141190903",1,428,262,8,58,112,63,21,14,3,4,5,2,0,152,24,26,13,19,70,276,11,62,117,65,21,428,35,88,130,84,91
"3167","141190909",1,628,390,7,92,165,93,33,7,0,4,2,0,1,231,27,38,27,42,97,397,7,96,167,93,34,628,34,134,194,135,131
"3168","141190910",1,385,198,2,45,78,60,13,8,0,5,3,0,0,179,12,24,13,39,91,206,2,50,81,60,13,385,14,74,94,99,104
"3169","141190912",1,904,577,19,146,277,115,20,17,1,5,9,2,0,310,63,46,40,48,113,594,20,151,286,117,20,904,83,197,326,165,133
"3170","141190908",1,552,322,6,78,145,75,18,12,2,3,3,4,0,218,25,34,23,34,102,334,8,81,148,79,18,552,33,115,171,113,120
"3171","140070201",1,218,148,9,33,59,41,6,4,0,2,1,1,0,66,11,13,12,15,15,152,9,35,60,42,6,218,20,48,72,57,21
"3172","141260518",1,359,205,11,69,92,29,4,10,1,3,5,1,0,144,39,25,25,28,27,215,12,72,97,30,4,359,51,97,122,58,31
"3173","141190906",1,558,310,11,91,124,67,17,17,2,5,6,2,2,231,31,33,30,37,100,327,13,96,130,69,19,558,44,129,160,106,119
"3174","141330501",1,871,470,11,128,205,106,20,26,4,10,12,0,0,375,71,57,66,69,112,496,15,138,217,106,20,871,86,195,283,175,132
"3175","141260510",1,588,363,13,84,186,74,6,17,0,10,6,1,0,208,46,51,48,35,28,380,13,94,192,75,6,588,59,145,240,110,34
"3176","141190913",1,402,223,4,54,92,52,21,9,1,4,1,1,2,170,19,19,22,26,84,232,5,58,93,53,23,402,24,77,115,79,107
"3177","141260515",1,332,166,6,50,75,28,7,4,0,4,0,0,0,162,28,37,26,33,38,170,6,54,75,28,7,332,34,91,101,61,45
"3178","141190917",1,812,484,6,90,230,118,40,7,1,3,2,1,0,321,52,61,41,53,114,491,7,93,232,119,40,812,59,154,273,172,154
"3179","141190907",1,509,294,6,77,129,62,20,15,2,8,1,3,1,200,26,26,28,35,85,309,8,85,130,65,21,509,34,111,158,100,106
"3180","141330105",1,741,347,16,105,158,62,6,27,1,13,11,2,0,367,73,69,83,65,77,374,17,118,169,64,6,741,90,187,252,129,83
"3181","141330204",1,678,399,26,137,163,64,9,21,5,10,6,0,0,258,50,55,59,47,47,420,31,147,169,64,9,678,81,202,228,111,56
"3182","141190914",1,785,433,9,106,184,98,36,7,2,2,2,0,1,345,38,53,41,65,148,440,11,108,186,98,37,785,49,161,227,163,185
"3183","141260511",1,688,361,4,94,161,85,17,25,0,20,4,1,0,302,46,54,56,59,87,386,4,114,165,86,17,688,50,168,221,145,104
"3184","141260514",1,619,340,15,110,146,62,7,35,5,21,6,3,0,244,60,56,65,29,34,375,20,131,152,65,7,619,80,187,217,94,41
"3185","141260516",1,608,342,10,105,169,52,6,22,2,14,4,2,0,244,61,55,57,36,35,364,12,119,173,54,6,608,73,174,230,90,41
"3186","141330607",1,769,408,26,144,184,50,4,45,5,22,17,1,0,316,88,81,79,32,36,453,31,166,201,51,4,769,119,247,280,83,40
"3187","141330605",1,692,383,17,105,194,59,8,31,0,16,13,2,0,278,53,61,57,45,62,414,17,121,207,61,8,692,70,182,264,106,70
"3188","141260512",1,961,480,11,133,206,107,23,29,2,11,11,5,0,452,65,94,75,97,121,509,13,144,217,112,23,961,78,238,292,209,144
"3189","141190915",1,567,351,15,78,158,80,20,6,0,5,0,0,1,210,35,36,30,40,69,357,15,83,158,80,21,567,50,119,188,120,90
"3190","141260517",1,473,252,12,73,140,25,2,7,0,3,4,0,0,214,41,45,47,47,34,259,12,76,144,25,2,473,53,121,191,72,36
"3191","141330211",1,422,237,8,51,127,42,9,14,1,5,5,3,0,171,34,19,33,29,56,251,9,56,132,45,9,422,43,75,165,74,65
"3192","141330103",1,363,193,9,65,78,34,7,8,0,3,4,1,0,162,37,45,32,21,27,201,9,68,82,35,7,363,46,113,114,56,34
"3193","141190916",1,795,579,35,155,269,112,8,13,3,6,2,2,0,203,39,53,43,38,30,592,38,161,271,114,8,795,77,214,314,152,38
"3194","141330213",1,809,475,13,94,230,101,37,18,1,9,6,2,0,316,46,62,44,49,115,493,14,103,236,103,37,809,60,165,280,152,152
"3195","141330505",1,715,365,10,119,175,57,4,38,3,18,11,6,0,312,76,84,63,36,53,403,13,137,186,63,4,715,89,221,249,99,57
"3196","141330601",1,661,384,5,61,178,111,29,11,1,6,2,2,0,266,52,29,25,48,112,395,6,67,180,113,29,661,58,96,205,161,141
"3197","141330504",1,616,343,11,112,152,51,17,12,0,6,4,1,1,261,50,48,48,41,74,355,11,118,156,52,18,616,61,166,204,93,92
"3198","141330502",1,458,277,6,59,131,66,15,4,1,3,0,0,0,177,24,19,35,28,71,281,7,62,131,66,15,458,31,81,166,94,86
"3199","141330503",1,557,318,8,91,134,71,14,17,1,8,7,0,1,222,34,34,29,39,86,335,9,99,141,71,15,557,43,133,170,110,101
"3200","140070202",1,79,49,1,8,27,10,3,3,1,0,2,0,0,27,7,3,1,6,10,52,2,8,29,10,3,79,9,11,30,16,13
"3201","141330212",1,405,230,7,49,112,42,20,8,0,4,3,1,0,167,28,21,23,31,64,238,7,53,115,43,20,405,35,74,138,74,84
"3202","141330608",1,595,401,16,111,175,80,19,17,1,8,7,1,0,177,44,32,30,33,38,418,17,119,182,81,19,595,61,151,212,114,57
"3203","141330609",1,545,320,1,68,145,80,26,9,0,5,2,2,0,216,35,26,23,34,98,329,1,73,147,82,26,545,36,99,170,116,124
"3204","141330506",1,834,457,11,119,216,92,19,32,0,18,11,3,0,345,57,58,57,63,110,489,11,137,227,95,19,834,68,195,284,158,129
"3205","141330507",1,580,329,4,68,164,71,22,13,2,5,3,3,0,238,36,37,18,36,111,342,6,73,167,74,22,580,42,110,185,110,133
"3206","141330203",1,154,89,1,18,49,19,2,18,1,9,4,3,1,47,9,6,12,10,10,107,2,27,53,22,3,154,11,33,65,32,13
"3207","141330512",1,925,537,24,161,238,95,19,44,4,18,20,2,0,344,87,84,65,54,54,581,28,179,258,97,19,925,115,263,323,151,73
"3208","141330104",1,325,155,7,47,54,38,9,7,0,2,3,2,0,163,41,36,37,24,25,162,7,49,57,40,9,325,48,85,94,64,34
"3209","141330511",1,739,440,17,114,182,105,22,13,1,9,2,1,0,286,49,47,38,62,90,453,18,123,184,106,22,739,67,170,222,168,112
"3210","141330610",1,618,358,7,64,171,83,33,20,0,9,7,4,0,240,40,32,27,37,104,378,7,73,178,87,33,618,47,105,205,124,137
"3211","141330611",1,518,329,18,78,135,69,29,25,1,15,4,4,1,164,29,25,24,31,55,354,19,93,139,73,30,518,48,118,163,104,85
"3212","141330108",1,611,309,22,110,105,57,15,27,2,13,7,4,1,275,56,74,44,42,59,336,24,123,112,61,16,611,80,197,156,103,75
"3213","141330510",1,808,477,9,87,219,126,36,25,0,12,9,4,0,306,59,33,34,63,117,502,9,99,228,130,36,808,68,132,262,193,153
"3214","141330613",1,954,543,10,136,262,122,13,31,3,13,11,4,0,380,79,79,48,77,97,574,13,149,273,126,13,954,92,228,321,203,110
"3215","141330615",1,557,303,6,72,146,64,15,25,2,12,6,5,0,229,44,38,38,43,66,328,8,84,152,69,15,557,52,122,190,112,81
"3216","141330509",1,524,245,5,51,121,57,11,10,1,5,0,3,1,269,38,39,23,36,133,255,6,56,121,60,12,524,44,95,144,96,145
"3217","141330508",1,546,292,6,57,142,58,29,14,0,5,7,1,1,240,26,25,30,47,112,306,6,62,149,59,30,546,32,87,179,106,142
"3218","141330616",1,606,308,5,92,120,74,17,14,1,3,5,5,0,284,39,44,52,60,89,322,6,95,125,79,17,606,45,139,177,139,106
"3219","141330513",1,618,403,14,81,237,61,10,36,3,17,16,0,0,179,65,30,37,18,29,439,17,98,253,61,10,618,82,128,290,79,39
"3220","141330612",1,445,268,14,73,109,58,14,11,0,7,2,2,0,166,21,37,26,30,52,279,14,80,111,60,14,445,35,117,137,90,66
"3221","141330614",1,901,496,17,142,228,98,11,39,3,17,15,3,1,366,74,75,58,62,97,535,20,159,243,101,12,901,94,234,301,163,109
"3222","141330514",1,333,158,0,42,81,31,4,12,1,3,5,3,0,163,26,33,21,29,54,170,1,45,86,34,4,333,27,78,107,63,58
"3223","141330216",1,493,279,13,77,113,71,5,12,0,2,5,5,0,202,44,31,30,35,62,291,13,79,118,76,5,493,57,110,148,111,67
"3224","141330205",1,195,98,5,39,38,13,3,2,0,0,1,1,0,95,25,31,15,11,13,100,5,39,39,14,3,195,30,70,54,25,16
"3225","141610304",1,165,105,6,33,46,13,7,1,0,0,1,0,0,59,15,12,14,7,11,106,6,33,47,13,7,165,21,45,61,20,18
"3226","140070205",1,343,219,4,31,136,42,6,14,0,5,3,6,0,110,28,14,18,23,27,233,4,36,139,48,6,343,32,50,157,71,33
"3227","141330214",1,595,349,14,82,155,78,20,21,3,10,3,5,0,225,43,29,27,42,84,370,17,92,158,83,20,595,60,121,185,125,104
"3228","141330110",1,711,349,11,106,159,61,12,76,10,32,29,3,2,286,70,55,59,45,57,425,21,138,188,64,14,711,91,193,247,109,71
"3229","141330516",1,679,338,8,79,152,81,18,38,2,18,12,4,2,303,60,62,31,61,89,376,10,97,164,85,20,679,70,159,195,146,109
"3230","141330515",1,1098,641,14,196,295,124,12,38,3,25,9,1,0,419,120,86,75,71,67,679,17,221,304,125,12,1098,137,307,379,196,79
"3231","141330617",1,472,277,7,50,157,60,3,27,0,17,7,3,0,168,49,25,33,28,33,304,7,67,164,63,3,472,56,92,197,91,36
"3232","141610303",1,113,60,5,16,20,17,2,1,0,1,0,0,0,52,10,17,11,10,4,61,5,17,20,17,2,113,15,34,31,27,6
"3233","141330517",1,613,358,13,110,164,65,6,42,4,16,17,4,1,213,51,45,31,30,56,400,17,126,181,69,7,613,68,171,212,99,63
"3234","141330109",1,301,163,15,56,55,31,6,26,1,10,14,1,0,112,24,18,19,27,24,189,16,66,69,32,6,301,40,84,88,59,30
"3235","141330215",1,148,85,2,20,42,14,7,4,1,3,0,0,0,59,11,9,9,8,22,89,3,23,42,14,7,148,14,32,51,22,29
"3236","141330206",1,213,105,6,41,43,14,1,10,0,6,3,1,0,98,23,23,16,18,18,115,6,47,46,15,1,213,29,70,62,33,19
"3237","140070204",1,349,243,21,50,104,60,8,14,1,7,3,3,0,92,21,21,18,12,20,257,22,57,107,63,8,349,43,78,125,75,28
"3238","140070206",1,718,486,15,141,218,89,23,34,4,14,14,2,0,198,36,31,29,28,74,520,19,155,232,91,23,718,55,186,261,119,97
"3239","141610101",1,64,43,2,8,18,9,6,0,0,0,0,0,0,21,3,3,7,1,7,43,2,8,18,9,6,64,5,11,25,10,13
"3240","141330111",1,858,436,36,151,157,81,11,29,4,9,12,3,1,393,77,100,92,65,59,465,40,160,169,84,12,858,117,260,261,149,71
"3241","141330112",1,682,404,45,125,161,56,17,24,4,11,8,1,0,254,56,67,65,30,36,428,49,136,169,57,17,682,105,203,234,87,53
"3242","140070207",1,599,383,5,105,170,83,20,17,2,7,6,1,1,199,28,27,21,34,89,400,7,112,176,84,21,599,35,139,197,118,110
"3243","141330107",1,92,46,3,9,19,10,5,1,0,1,0,0,0,45,2,7,13,13,10,47,3,10,19,10,5,92,5,17,32,23,15
"3244","140070208",1,707,498,11,138,216,102,31,28,5,13,7,2,1,181,33,26,23,31,68,526,16,151,223,104,32,707,49,177,246,135,100
"3245","140070209",1,473,311,11,63,154,55,28,13,3,3,4,2,1,149,27,17,16,25,64,324,14,66,158,57,29,473,41,83,174,82,93
"3246","140070203",1,92,61,1,16,30,12,2,4,0,2,0,2,0,27,7,4,5,6,5,65,1,18,30,14,2,92,8,22,35,20,7
"3247","140070211",1,674,458,18,117,201,102,20,22,1,8,7,4,2,194,44,25,27,25,73,480,19,125,208,106,22,674,63,150,235,131,95
"3248","141401610",1,843,534,29,128,223,114,40,21,3,8,8,2,0,288,46,55,40,34,113,555,32,136,231,116,40,843,78,191,271,150,153
"3249","140070309",1,651,356,6,100,181,53,16,25,2,16,5,2,0,270,45,57,62,38,68,381,8,116,186,55,16,651,53,173,248,93,84
"3250","140070210",1,308,196,3,44,87,51,11,6,0,1,2,3,0,106,18,6,9,14,59,202,3,45,89,54,11,308,21,51,98,68,70
"3251","140070310",1,475,269,8,82,109,54,16,10,1,5,2,2,0,196,35,21,26,44,70,279,9,87,111,56,16,475,44,108,137,100,86
"3252","141401611",1,760,448,13,96,200,102,37,9,0,3,3,3,0,303,44,39,34,45,141,457,13,99,203,105,37,760,57,138,237,150,178
"3253","141330301",1,208,90,6,23,46,13,2,1,0,1,0,0,0,117,14,25,23,27,28,91,6,24,46,13,2,208,20,49,69,40,30
"3254","141401612",1,524,287,12,62,123,68,22,7,0,2,3,2,0,230,39,31,23,35,102,294,12,64,126,70,22,524,51,95,149,105,124
"3255","140070212",1,394,232,3,49,95,61,24,13,1,8,3,1,0,149,26,10,16,16,81,245,4,57,98,62,24,394,30,67,114,78,105
"3256","140070101",1,32,23,0,8,10,4,1,1,0,0,1,0,0,8,1,1,2,2,2,24,0,8,11,4,1,32,1,9,13,6,3
"3257","140070214",1,429,278,8,59,127,63,21,11,4,3,3,1,0,140,25,8,21,20,66,289,12,62,130,64,21,429,37,70,151,84,87
"3258","140070311",1,601,352,21,103,144,66,18,18,0,7,9,2,0,231,54,48,42,38,49,370,21,110,153,68,18,601,75,158,195,106,67
"3259","141190514",1,736,484,39,159,174,90,22,12,3,5,3,1,0,240,40,54,39,39,68,496,42,164,177,91,22,736,82,218,216,130,90
"3260","140070213",1,363,230,7,39,104,56,24,6,1,1,4,0,0,127,13,10,13,22,69,236,8,40,108,56,24,363,21,50,121,78,93
"3261","141190513",1,517,288,16,74,106,73,19,12,2,6,1,3,0,217,38,23,15,38,103,300,18,80,107,76,19,517,56,103,122,114,122
"3262","141610302",1,84,49,1,17,15,10,6,1,0,1,0,0,0,34,4,8,7,8,7,50,1,18,15,10,6,84,5,26,22,18,13
"3263","141330303",1,171,80,4,17,41,15,3,8,1,4,2,1,0,83,19,12,21,17,14,88,5,21,43,16,3,171,24,33,64,33,17
"3264","140070312",1,629,342,8,107,136,73,18,22,0,6,13,3,0,265,52,57,49,64,43,364,8,113,149,76,18,629,60,170,198,140,61
"3265","141401613",1,436,256,11,56,116,56,17,3,0,1,2,0,0,177,25,22,30,18,82,259,11,57,118,56,17,436,36,79,148,74,99
"3266","140070215",1,400,245,8,53,116,53,15,13,0,6,3,4,0,142,22,19,17,19,65,258,8,59,119,57,15,400,30,78,136,76,80
"3267","141330302",1,291,148,3,36,72,34,3,8,0,4,2,2,0,135,32,25,30,15,33,156,3,40,74,36,3,291,35,65,104,51,36
"3268","140070307",1,69,50,1,7,21,15,6,1,0,0,1,0,0,18,3,3,4,3,5,51,1,7,22,15,6,69,4,10,26,18,11
"3269","140070216",1,165,111,3,19,60,27,2,5,1,4,0,0,0,49,11,11,7,8,12,116,4,23,60,27,2,165,15,34,67,35,14
"3270","141610109",1,104,70,1,14,28,19,8,0,0,0,0,0,0,34,7,5,9,9,4,70,1,14,28,19,8,104,8,19,37,28,12
"3271","141610201",1,100,59,2,12,31,9,5,1,0,1,0,0,0,40,6,7,15,7,5,60,2,13,31,9,5,100,8,20,46,16,10
"3272","141330307",1,853,525,37,122,226,118,22,22,3,7,8,3,1,306,56,48,48,47,107,547,40,129,234,121,23,853,96,177,282,168,130
"3273","140070601",1,24,13,0,3,6,3,1,1,0,0,1,0,0,10,1,1,1,2,5,14,0,3,7,3,1,24,1,4,8,5,6
"3274","141610301",1,209,154,5,41,64,30,14,1,0,1,0,0,0,54,12,7,10,10,15,155,5,42,64,30,14,209,17,49,74,40,29
"3275","141820101",1,137,86,8,29,41,7,1,0,0,0,0,0,0,51,12,12,16,5,6,86,8,29,41,7,1,137,20,41,57,12,7
"3276","141401614",1,637,357,16,93,161,66,21,17,0,8,7,2,0,263,47,53,45,35,83,374,16,101,168,68,21,637,63,154,213,103,104
"3277","141401615",1,461,269,9,68,109,65,18,2,0,1,1,0,0,190,29,37,23,36,65,271,9,69,110,65,18,461,38,106,133,101,83
"3278","141610112",1,631,321,13,97,137,66,8,43,7,20,10,6,0,267,66,41,55,47,58,364,20,117,147,72,8,631,86,158,202,119,66
"3279","141610113",1,732,366,5,89,134,110,28,15,1,5,4,5,0,351,46,72,54,65,114,381,6,94,138,115,28,732,52,166,192,180,142
"3280","140070602",1,188,90,2,25,35,24,4,7,0,4,3,0,0,91,13,12,20,19,27,97,2,29,38,24,4,188,15,41,58,43,31
"3281","140070402",1,20,10,0,3,7,0,0,0,0,0,0,0,0,10,6,1,0,2,1,10,0,3,7,0,0,20,6,4,7,2,1
"3282","140420105",1,229,175,14,55,76,21,9,0,0,0,0,0,0,54,9,22,12,4,7,175,14,55,76,21,9,229,23,77,88,25,16
"3283","141610102",1,89,60,2,16,22,16,4,1,0,0,1,0,0,28,5,5,10,5,3,61,2,16,23,16,4,89,7,21,33,21,7
"3284","140070403",1,57,39,0,18,14,4,3,0,0,0,0,0,0,18,0,4,5,1,8,39,0,18,14,4,3,57,0,22,19,5,11
"3285","140070406",1,157,105,1,28,40,30,6,2,1,1,0,0,0,50,7,7,5,11,20,107,2,29,40,30,6,157,9,36,45,41,26
"3286","141820102",1,148,107,5,51,31,20,0,2,1,0,1,0,0,39,11,9,12,6,1,109,6,51,32,20,0,148,17,60,44,26,1
"3287","141610114",1,396,253,15,58,99,66,15,10,0,5,2,1,2,133,28,14,17,17,57,263,15,63,101,67,17,396,43,77,118,84,74
"3288","141820104",1,117,86,5,21,43,15,2,4,1,1,1,1,0,27,6,7,5,6,3,90,6,22,44,16,2,117,12,29,49,22,5
"3289","140070503",1,359,235,3,47,113,64,8,17,0,5,9,3,0,107,22,9,8,22,46,252,3,52,122,67,8,359,25,61,130,89,54
"3290","140070502",1,260,165,1,43,77,33,11,10,0,6,3,1,0,85,20,13,9,12,31,175,1,49,80,34,11,260,21,62,89,46,42
"3291","141610111",1,88,61,2,15,20,14,10,2,0,1,0,1,0,25,5,4,7,5,4,63,2,16,20,15,10,88,7,20,27,20,14
"3292","141190415",1,517,298,3,62,133,76,24,9,1,4,3,1,0,210,36,31,22,37,84,307,4,66,136,77,24,517,40,97,158,114,108
"3293","141190414",1,696,396,13,83,200,88,12,20,2,9,5,4,0,280,57,33,36,54,100,416,15,92,205,92,12,696,72,125,241,146,112
"3294","141190416",1,540,333,3,107,130,82,11,15,3,5,3,4,0,192,38,51,37,28,38,348,6,112,133,86,11,540,44,163,170,114,49
"3295","141190417",1,526,341,13,84,140,83,21,4,0,1,2,1,0,181,31,35,22,33,60,345,13,85,142,84,21,526,44,120,164,117,81
"3296","141610110",1,144,86,4,13,44,19,6,2,0,1,1,0,0,56,10,8,18,9,11,88,4,14,45,19,6,144,14,22,63,28,17
"3297","141610701",1,568,316,1,59,144,86,26,12,1,7,2,1,1,240,42,40,30,37,91,328,2,66,146,87,27,568,44,106,176,124,118
"3298","141610702",1,428,278,6,70,109,78,15,12,0,4,2,4,2,138,23,24,13,35,43,290,6,74,111,82,17,428,29,98,124,117,60
"3299","140070401",1,39,25,2,3,15,3,2,0,0,0,0,0,0,14,2,4,2,0,6,25,2,3,15,3,2,39,4,7,17,3,8
"3300","141190418",1,877,545,13,122,239,121,50,3,0,1,2,0,0,329,63,49,40,45,132,548,13,123,241,121,50,877,76,172,281,166,182
"3301","141610703",1,701,398,5,94,175,96,28,11,1,7,2,1,0,292,33,48,19,47,145,409,6,101,177,97,28,701,39,149,196,144,173
"3302","141190419",1,587,332,4,80,140,77,31,10,0,5,3,2,0,245,38,18,21,42,126,342,4,85,143,79,31,587,42,103,164,121,157
"3303","141190420",1,679,455,18,142,178,102,15,34,5,16,10,2,1,190,42,42,30,43,33,489,23,158,188,104,16,679,65,200,218,147,49
"3304","140070504",1,368,227,8,45,106,63,5,8,0,6,1,1,0,133,22,21,19,27,44,235,8,51,107,64,5,368,30,72,126,91,49
"3305","141610705",1,349,203,1,42,97,54,9,11,2,7,1,1,0,135,29,15,7,28,56,214,3,49,98,55,9,349,32,64,105,83,65
"3306","141610704",1,331,175,6,32,88,38,11,6,0,4,2,0,0,150,24,20,10,20,76,181,6,36,90,38,11,331,30,56,100,58,87
"3307","141610709",1,679,352,4,61,178,87,22,22,1,12,7,2,0,305,37,51,15,60,142,374,5,73,185,89,22,679,42,124,200,149,164
"3308","141610706",1,627,384,10,78,169,101,26,10,0,5,4,1,0,233,37,31,25,34,106,394,10,83,173,102,26,627,47,114,198,136,132
"3309","140070501",1,478,310,9,77,142,61,21,21,2,6,8,5,0,147,27,25,25,20,50,331,11,83,150,66,21,478,38,108,175,86,71
"3310","141330308",1,357,131,9,27,60,28,7,56,4,26,17,9,0,170,40,35,36,23,36,187,13,53,77,37,7,357,53,88,113,60,43
"3311","141610707",1,530,303,6,70,127,73,27,23,2,9,7,5,0,204,32,38,17,32,85,326,8,79,134,78,27,530,40,117,151,110,112
"3312","141610710",1,550,315,2,74,137,84,18,7,0,1,3,3,0,228,30,34,29,43,92,322,2,75,140,87,18,550,32,109,169,130,110
"3313","140070404",1,7,5,1,3,0,1,0,0,0,0,0,0,0,2,0,1,1,0,0,5,1,3,0,1,0,7,1,4,1,1,0
"3314","141330305",1,314,106,6,31,41,26,2,21,2,11,6,2,0,187,27,49,35,36,40,127,8,42,47,28,2,314,35,91,82,64,42
"3315","141610103",1,111,66,2,23,22,15,4,3,0,2,1,0,0,42,5,12,8,13,4,69,2,25,23,15,4,111,7,37,31,28,8
"3316","140070603",1,102,60,3,12,31,9,5,4,1,1,1,1,0,38,8,5,9,7,9,64,4,13,32,10,5,102,12,18,41,17,14
"3317","140070508",1,398,248,7,73,116,43,9,21,3,14,1,3,0,129,24,27,24,19,35,269,10,87,117,46,9,398,34,114,141,65,44
"3318","141610711",1,451,276,4,58,120,70,24,10,1,6,2,1,0,165,20,33,12,29,71,286,5,64,122,71,24,451,25,97,134,100,95
"3319","141610708",1,660,343,8,78,140,92,25,45,4,14,17,8,2,272,40,42,30,48,112,388,12,92,157,100,27,660,52,134,187,148,139
"3320","141610713",1,730,440,12,104,206,93,25,16,1,10,3,2,0,274,49,49,39,50,87,456,13,114,209,95,25,730,62,163,248,145,112
"3321","140070507",1,440,282,21,90,126,38,7,14,1,3,6,3,1,144,25,38,28,20,33,296,22,93,132,41,8,440,47,131,160,61,41
"3322","140070506",1,559,367,17,94,172,69,15,17,2,7,5,2,1,175,34,40,17,28,56,384,19,101,177,71,16,559,53,141,194,99,72
"3323","140070505",1,378,237,6,37,107,74,13,14,1,6,5,2,0,127,21,8,11,31,56,251,7,43,112,76,13,378,28,51,123,107,69
"3324","141610712",1,829,522,27,149,201,114,31,24,4,9,6,5,0,283,50,42,43,56,92,546,31,158,207,119,31,829,81,200,250,175,123
"3325","141820103",1,97,67,4,13,32,13,5,0,0,0,0,0,0,30,4,11,8,1,6,67,4,13,32,13,5,97,8,24,40,14,11
"3326","141610715",1,935,579,16,140,311,102,10,46,4,19,19,3,1,310,98,62,41,47,62,625,20,159,330,105,11,935,118,221,371,152,73
"3327","141610714",1,623,343,13,104,159,60,7,32,3,10,12,6,1,248,47,37,47,56,61,375,16,114,171,66,8,623,63,151,218,122,69
"3328","140070405",1,109,70,7,19,31,10,3,3,0,0,2,1,0,36,8,3,11,8,6,73,7,19,33,11,3,109,15,22,44,19,9
"3329","140420106",1,103,65,4,19,31,10,1,0,0,0,0,0,0,38,13,8,10,2,5,65,4,19,31,10,1,103,17,27,41,12,6
"3330","140070510",1,766,461,10,110,185,120,36,28,0,8,10,7,3,277,56,35,17,49,120,489,10,118,195,127,39,766,66,153,212,176,159
"3331","141330304",1,362,167,10,53,57,41,6,9,1,2,3,3,0,186,25,42,29,34,56,176,11,55,60,44,6,362,36,97,89,78,62
"3332","140070509",1,536,343,5,72,143,85,38,12,0,6,3,2,1,181,31,21,23,36,70,355,5,78,146,87,39,536,36,99,169,123,109
"3333","140070511",1,659,432,14,103,195,94,26,18,2,10,5,1,0,209,41,22,21,39,86,450,16,113,200,95,26,659,57,135,221,134,112
"3334","141610313",1,393,256,15,62,98,65,16,5,0,3,1,1,0,132,24,15,16,22,55,261,15,65,99,66,16,393,39,80,115,88,71
"3335","140420102",1,79,55,3,11,30,9,2,0,0,0,0,0,0,24,5,7,7,4,1,55,3,11,30,9,2,79,8,18,37,13,3
"3336","140070512",1,628,381,6,111,159,79,26,15,0,7,6,2,0,232,37,22,33,41,99,396,6,118,165,81,26,628,43,140,198,122,125
"3337","140070513",1,590,394,17,73,189,91,24,15,2,5,6,2,0,181,29,25,24,34,69,409,19,78,195,93,24,590,48,103,219,127,93
"3338","140070514",1,431,255,7,62,124,53,9,2,1,1,0,0,0,174,33,33,29,30,49,257,8,63,124,53,9,431,41,96,153,83,58
"3339","140070414",1,697,462,27,145,195,81,14,30,5,16,5,4,0,205,49,63,40,18,35,492,32,161,200,85,14,697,81,224,240,103,49
"3340","140070516",1,305,182,9,53,72,40,8,10,3,2,5,0,0,113,20,18,27,19,29,192,12,55,77,40,8,305,32,73,104,59,37
"3341","140420104",1,94,73,6,21,33,8,5,1,0,1,0,0,0,20,7,6,5,1,1,74,6,22,33,8,5,94,13,28,38,9,6
"3342","140070515",1,487,290,11,76,120,74,9,18,2,5,5,6,0,179,43,23,27,31,55,308,13,81,125,80,9,487,56,104,152,111,64
"3343","140070517",1,699,421,25,136,191,64,5,24,0,13,11,0,0,254,62,47,56,39,50,445,25,149,202,64,5,699,87,196,258,103,55
"3344","141610305",1,311,220,18,58,92,34,18,1,0,1,0,0,0,90,20,21,13,13,23,221,18,59,92,34,18,311,38,80,105,47,41
"3345","140070413",1,49,38,0,10,19,7,2,0,0,0,0,0,0,11,1,3,3,2,2,38,0,10,19,7,2,49,1,13,22,9,4
"3346","140070410",1,23,20,1,7,9,2,1,0,0,0,0,0,0,3,0,1,1,1,0,20,1,7,9,2,1,23,1,8,10,3,1
"3347","140070518",1,629,373,20,128,165,52,8,15,1,4,8,2,0,241,52,73,45,32,39,388,21,132,173,54,8,629,73,205,218,86,47
"3348","140630101",1,74,57,2,21,24,7,3,0,0,0,0,0,0,17,3,5,4,1,4,57,2,21,24,7,3,74,5,26,28,8,7
"3349","140420101",1,101,63,2,22,18,18,3,0,0,0,0,0,0,38,8,8,9,11,2,63,2,22,18,18,3,101,10,30,27,29,5
"3350","141820105",1,169,105,6,29,52,15,3,1,0,1,0,0,0,63,11,15,11,11,15,106,6,30,52,15,3,169,17,45,63,26,18
"3351","140070604",1,41,23,1,5,10,6,1,1,0,0,0,1,0,17,2,3,5,3,4,24,1,5,10,7,1,41,3,8,15,10,5
"3352","140070407",1,187,109,5,21,38,33,12,4,0,1,1,2,0,74,17,8,4,17,28,113,5,22,39,35,12,187,22,30,43,52,40
"3353","140070411",1,39,30,1,10,13,5,1,1,0,0,1,0,0,8,0,5,3,0,0,31,1,10,14,5,1,39,1,15,17,5,1
"3354","140420109",1,857,546,23,150,223,128,22,19,1,9,7,2,0,292,63,53,44,40,92,565,24,159,230,130,22,857,87,212,274,170,114
"3355","140420110",1,498,261,5,50,121,58,27,13,2,7,3,1,0,224,42,33,20,30,99,274,7,57,124,59,27,498,49,90,144,89,126
"3356","140420111",1,689,464,15,141,172,103,33,11,1,4,4,1,1,214,39,30,29,38,78,475,16,145,176,104,34,689,55,175,205,142,112
"3357","141330306",1,258,138,12,39,57,24,6,7,0,4,2,1,0,113,23,22,21,23,24,145,12,43,59,25,6,258,35,65,80,48,30
"3358","140420103",1,151,107,8,37,33,28,1,0,0,0,0,0,0,44,8,20,8,6,2,107,8,37,33,28,1,151,16,57,41,34,3
"3359","140070615",1,317,168,6,31,84,39,8,4,0,2,0,2,0,145,20,14,15,34,62,172,6,33,84,41,8,317,26,47,99,75,70
"3360","140070412",1,68,46,0,11,19,10,6,0,0,0,0,0,0,22,1,9,8,2,2,46,0,11,19,10,6,68,1,20,27,12,8
"3361","140070408",1,33,22,0,5,10,5,2,0,0,0,0,0,0,11,1,2,1,2,5,22,0,5,10,5,2,33,1,7,11,7,7
"3362","141330309",1,516,226,7,62,99,48,10,17,0,7,9,1,0,273,43,58,60,50,62,243,7,69,108,49,10,516,50,127,168,99,72
"3363","141610108",1,85,42,1,9,19,12,1,2,0,0,2,0,0,41,8,6,10,10,7,44,1,9,21,12,1,85,9,15,31,22,8
"3364","140420107",1,160,115,4,43,50,12,6,1,0,1,0,0,0,44,5,22,13,3,1,116,4,44,50,12,6,160,9,66,63,15,7
"3365","141611101",1,897,605,42,168,274,105,16,34,1,13,13,4,3,258,61,44,49,58,46,639,43,181,287,109,19,897,104,225,336,167,65
"3366","140070605",1,126,69,2,6,32,26,3,2,0,2,0,0,0,55,6,5,10,14,20,71,2,8,32,26,3,126,8,13,42,40,23
"3367","141610104",1,184,116,11,28,43,26,8,4,0,2,2,0,0,64,13,13,12,15,11,120,11,30,45,26,8,184,24,43,57,41,19
"3368","141611105",1,555,322,3,57,154,93,15,19,0,12,4,1,2,214,31,40,29,46,68,341,3,69,158,94,17,555,34,109,187,140,85
"3369","141610907",1,641,434,12,112,178,119,13,24,1,12,6,5,0,183,35,43,29,34,42,458,13,124,184,124,13,641,48,167,213,158,55
"3370","141611106",1,568,351,9,65,176,78,23,22,4,7,9,2,0,195,48,20,22,42,63,373,13,72,185,80,23,568,61,92,207,122,86
"3371","141610903",1,635,364,13,118,141,78,14,33,2,13,13,5,0,238,66,44,55,36,37,397,15,131,154,83,14,635,81,175,209,119,51
"3372","140070705",1,60,32,1,8,16,6,1,2,1,0,1,0,0,26,5,4,1,7,9,34,2,8,17,6,1,60,7,12,18,13,10
"3373","141610401",1,140,81,2,24,35,16,4,2,1,0,0,1,0,57,9,11,8,16,13,83,3,24,35,17,4,140,12,35,43,33,17
"3374","141611102",1,556,346,18,106,151,67,4,24,0,11,10,3,0,186,41,26,41,37,41,370,18,117,161,70,4,556,59,143,202,107,45
"3375","140070609",1,362,215,16,53,93,43,10,6,0,1,3,2,0,141,22,14,27,34,44,221,16,54,96,45,10,362,38,68,123,79,54
"3376","141611103",1,424,286,21,87,118,49,11,20,2,8,7,3,0,118,27,23,16,18,34,306,23,95,125,52,11,424,50,118,141,70,45
"3377","140070801",1,24,12,0,1,7,4,0,1,0,0,1,0,0,11,0,4,2,2,3,13,0,1,8,4,0,24,0,5,10,6,3
"3378","141610115",1,405,258,20,59,130,46,3,9,1,4,4,0,0,138,32,26,31,19,30,267,21,63,134,46,3,405,53,89,165,65,33
"3379","140070819",1,85,47,1,10,22,14,0,4,0,2,1,1,0,34,4,5,5,6,14,51,1,12,23,15,0,85,5,17,28,21,14
"3380","141611104",1,715,421,20,113,179,89,20,22,1,12,6,2,1,272,46,35,56,49,86,443,21,125,185,91,21,715,67,160,241,140,107
"3381","140070409",1,20,16,1,4,4,5,2,0,0,0,0,0,0,4,1,0,1,2,0,16,1,4,4,5,2,20,2,4,5,7,2
"3382","140070803",1,637,352,3,94,138,99,18,16,1,7,6,2,0,269,54,42,48,48,77,368,4,101,144,101,18,637,58,143,192,149,95
"3383","140070608",1,538,297,12,78,128,70,9,23,0,9,8,6,0,218,39,33,33,42,71,320,12,87,136,76,9,538,51,120,169,118,80
"3384","140070611",1,508,276,10,77,111,69,9,14,1,7,4,2,0,218,29,24,32,54,79,290,11,84,115,71,9,508,40,108,147,125,88
"3385","141610117",1,774,429,15,121,161,98,34,16,2,8,6,0,0,329,37,35,46,57,154,445,17,129,167,98,34,774,54,164,213,155,188
"3386","141610909",1,526,288,2,93,119,65,9,12,1,4,5,2,0,226,30,40,26,48,82,300,3,97,124,67,9,526,33,137,150,115,91
"3387","141610908",1,505,322,4,78,158,78,4,18,1,8,3,3,3,165,43,22,33,26,41,340,5,86,161,81,7,505,48,108,194,107,48
"3388","140070612",1,378,223,3,47,94,59,20,7,0,3,3,1,0,148,19,18,21,35,55,230,3,50,97,60,20,378,22,68,118,95,75
"3389","141611110",1,605,350,15,120,138,63,14,30,2,14,10,3,1,225,44,58,44,33,46,380,17,134,148,66,15,605,61,192,192,99,61
"3390","141610901",1,549,305,23,96,126,50,10,34,4,16,9,4,1,210,51,52,49,28,30,339,27,112,135,54,11,549,78,164,184,82,41
"3391","140070614",1,573,344,8,95,146,84,11,8,0,1,5,2,0,221,41,38,45,39,58,352,8,96,151,86,11,573,49,134,196,125,69
"3392","141611107",1,502,280,2,52,119,87,20,10,0,6,3,0,1,212,42,26,20,43,81,290,2,58,122,87,21,502,44,84,142,130,102
"3393","141610911",1,622,380,2,85,154,126,13,21,0,9,5,6,1,221,34,34,29,50,74,401,2,94,159,132,14,622,36,128,188,182,88
"3394","141610910",1,474,272,3,86,112,61,10,13,1,4,4,2,2,189,27,33,15,31,83,285,4,90,116,63,12,474,31,123,131,94,95
"3395","141610306",1,629,389,15,134,141,80,19,10,1,4,2,3,0,230,42,57,37,46,48,399,16,138,143,83,19,629,58,195,180,129,67
"3396","140420108",1,208,140,12,52,64,10,2,3,1,2,0,0,0,65,16,25,11,8,5,143,13,54,64,10,2,208,29,79,75,18,7
"3397","141610914",1,437,255,3,56,113,58,25,17,1,4,11,1,0,165,15,17,24,30,79,272,4,60,124,59,25,437,19,77,148,89,104
"3398","141611108",1,416,233,0,47,100,58,28,8,0,3,2,1,2,175,17,19,20,36,83,241,0,50,102,59,30,416,17,69,122,95,113
"3399","141610116",1,604,342,6,97,141,77,21,6,0,3,1,2,0,256,34,43,33,53,93,348,6,100,142,79,21,604,40,143,175,132,114
"3400","141611001",1,457,279,1,65,95,71,47,11,1,4,3,2,1,167,9,13,8,19,118,290,2,69,98,73,48,457,11,82,106,92,166
"3401","141610902",1,792,465,28,156,191,75,15,29,4,14,8,3,0,298,64,60,73,45,56,494,32,170,199,78,15,792,96,230,272,123,71
"3402","141611109",1,397,187,4,50,91,33,9,11,0,3,5,3,0,199,25,38,37,41,58,198,4,53,96,36,9,397,29,91,133,77,67
"3403","141610913",1,649,367,5,84,166,97,15,19,0,9,8,2,0,263,65,29,26,36,107,386,5,93,174,99,15,649,70,122,200,135,122
"3404","141610312",1,353,181,3,51,72,46,9,10,1,5,3,0,1,162,20,29,18,30,65,191,4,56,75,46,10,353,24,85,93,76,75
"3405","141610912",1,658,349,4,78,135,123,9,32,0,18,11,3,0,277,51,60,35,63,68,381,4,96,146,126,9,658,55,156,181,189,77
"3406","141611111",1,1001,633,22,210,211,182,8,52,4,24,9,12,3,316,72,57,49,83,55,685,26,234,220,194,11,1001,98,291,269,277,66
"3407","140070415",1,135,91,4,24,40,20,3,8,0,3,2,3,0,36,7,6,5,9,9,99,4,27,42,23,3,135,11,33,47,32,12
"3408","141611112",1,738,452,3,114,216,104,15,23,0,11,6,4,2,263,50,46,50,42,75,475,3,125,222,108,17,738,53,171,272,150,92
"3409","141610915",1,693,375,4,98,143,111,19,18,1,7,7,2,1,300,29,39,23,46,163,393,5,105,150,113,20,693,34,144,173,159,183
"3410","141610308",1,446,267,9,75,98,61,24,8,1,3,2,2,0,171,23,24,23,39,62,275,10,78,100,63,24,446,33,102,123,102,86
"3411","141611113",1,582,313,4,86,125,69,29,21,0,9,7,5,0,248,33,24,29,39,123,334,4,95,132,74,29,582,37,119,161,113,152
"3412","141610106",1,63,34,1,10,13,7,3,2,0,1,1,0,0,27,1,9,4,3,10,36,1,11,14,7,3,63,2,20,18,10,13
"3413","141610202",1,97,46,3,9,18,13,3,0,0,0,0,0,0,51,8,8,7,14,14,46,3,9,18,13,3,97,11,17,25,27,17
"3414","141610905",1,588,335,5,103,132,82,13,21,3,11,7,0,0,232,37,52,39,44,60,356,8,114,139,82,13,588,45,166,178,126,73
"3415","141610917",1,495,286,2,62,125,83,14,21,1,7,9,2,2,188,19,27,19,52,71,307,3,69,134,85,16,495,22,96,153,137,87
"3416","141610916",1,440,250,5,56,110,58,21,11,1,4,4,1,1,179,21,19,22,26,91,261,6,60,114,59,22,440,27,79,136,85,113
"3417","141611004",1,458,301,10,53,124,75,39,9,0,6,3,0,0,148,14,23,13,16,82,310,10,59,127,75,39,458,24,82,140,91,121
"3418","141611002",1,624,336,5,72,156,83,20,13,0,8,3,2,0,275,35,39,27,38,136,349,5,80,159,85,20,624,40,119,186,123,156
"3419","141611003",1,543,286,4,57,119,77,29,11,0,4,5,2,0,246,28,29,10,38,141,297,4,61,124,79,29,543,32,90,134,117,170
"3420","141610309",1,467,316,17,95,137,55,12,3,1,2,0,0,0,148,31,31,25,33,28,319,18,97,137,55,12,467,49,128,162,88,40
"3421","141610307",1,783,451,10,111,213,99,18,16,4,6,4,1,1,316,61,62,42,41,110,467,14,117,217,100,19,783,75,179,259,141,129
"3422","141820107",1,163,126,4,35,47,20,20,1,0,1,0,0,0,36,9,4,12,3,8,127,4,36,47,20,20,163,13,40,59,23,28
"3423","140070613",1,284,183,6,34,89,43,11,4,0,2,2,0,0,97,18,6,10,23,40,187,6,36,91,43,11,284,24,42,101,66,51
"3424","141610918",1,701,414,6,87,159,134,28,19,0,8,9,2,0,268,28,26,23,51,140,433,6,95,168,136,28,701,34,121,191,187,168
"3425","140070606",1,142,78,3,15,34,24,2,2,0,1,1,0,0,62,7,5,8,10,32,80,3,16,35,24,2,142,10,21,43,34,34
"3426","141610605",1,422,277,6,59,151,51,10,5,0,2,2,1,0,140,36,23,28,15,38,282,6,61,153,52,10,422,42,84,181,67,48
"3427","141611005",1,471,251,3,51,107,64,26,8,0,6,2,0,0,212,21,29,20,33,109,259,3,57,109,64,26,471,24,86,129,97,135
"3428","141610904",1,591,388,28,132,143,75,10,20,1,11,4,4,0,183,47,43,36,31,26,408,29,143,147,79,10,591,76,186,183,110,36
"3429","141611006",1,593,348,3,82,161,77,25,15,0,7,5,3,0,230,29,26,32,19,124,363,3,89,166,80,25,593,32,115,198,99,149
"3430","140070610",1,331,203,8,61,71,49,14,11,0,4,4,0,3,117,19,15,17,26,40,214,8,65,75,49,17,331,27,80,92,75,57
"3431","141610906",1,732,447,21,161,179,75,11,56,8,16,20,10,2,229,53,61,46,36,33,503,29,177,199,85,13,732,82,238,245,121,46
"3432","141611115",1,507,332,5,56,224,41,6,23,2,8,11,2,0,152,49,37,36,15,15,355,7,64,235,43,6,507,56,101,271,58,21
"3433","141610310",1,751,409,11,99,191,80,28,11,0,7,4,0,0,331,54,46,37,61,133,420,11,106,195,80,28,751,65,152,232,141,161
"3434","141611014",1,434,260,6,68,111,55,20,11,2,4,3,2,0,163,19,22,17,22,83,271,8,72,114,57,20,434,27,94,131,79,103
"3435","141611114",1,589,351,4,85,168,72,22,29,1,12,11,3,2,209,42,30,34,37,66,380,5,97,179,75,24,589,47,127,213,112,90
"3436","141610919",1,543,309,4,74,136,84,11,11,0,4,5,2,0,223,33,21,32,40,97,320,4,78,141,86,11,543,37,99,173,126,108
"3437","141610206",1,83,46,0,8,20,13,5,1,1,0,0,0,0,36,7,6,10,10,3,47,1,8,20,13,5,83,8,14,30,23,8
"3438","140070607",1,582,344,8,85,132,88,31,23,2,8,8,4,1,215,36,22,32,47,78,367,10,93,140,92,32,582,46,115,172,139,110
"3439","141610920",1,477,258,5,71,108,62,12,19,3,6,5,4,1,200,17,26,22,47,88,277,8,77,113,66,13,477,25,103,135,113,101
"3440","141611007",1,782,458,11,122,186,102,37,18,1,6,9,2,0,306,35,42,39,47,143,476,12,128,195,104,37,782,47,170,234,151,180
"3441","140070416",1,318,166,7,42,56,56,5,8,2,1,4,1,0,144,33,25,25,23,38,174,9,43,60,57,5,318,42,68,85,80,43
"3442","141610311",1,444,222,5,59,90,59,9,11,0,4,4,3,0,211,26,34,15,37,99,233,5,63,94,62,9,444,31,97,109,99,108
"3443","141611013",1,462,271,6,55,119,67,24,6,0,2,3,1,0,185,34,25,17,24,85,277,6,57,122,68,24,462,40,82,139,92,109
"3444","140070802",1,140,73,2,23,24,19,5,6,1,3,2,0,0,61,8,12,7,15,19,79,3,26,26,19,5,140,11,38,33,34,24
"3445","141611015",1,434,259,3,47,122,71,16,20,1,12,2,4,1,155,13,28,6,29,79,279,4,59,124,75,17,434,17,87,130,104,96
"3446","141611116",1,829,532,13,165,229,114,11,25,2,14,5,3,1,272,71,53,54,44,50,557,15,179,234,117,12,829,86,232,288,161,62
"3447","141610921",1,845,510,17,124,205,143,21,15,2,4,3,3,3,320,52,46,52,68,102,525,19,128,208,146,24,845,71,174,260,214,126
"3448","141611011",1,426,244,0,44,114,58,28,7,0,5,2,0,0,175,25,24,17,27,82,251,0,49,116,58,28,426,25,73,133,85,110
"3449","140070804",1,152,90,4,16,40,23,7,4,0,2,0,1,1,58,8,9,6,6,29,94,4,18,40,24,8,152,12,27,46,30,37
"3450","141610107",1,79,62,1,16,25,17,3,1,0,1,0,0,0,16,5,3,2,3,3,63,1,17,25,17,3,79,6,20,27,20,6
"3451","141611016",1,519,326,9,87,151,59,20,10,0,3,1,6,0,183,21,24,30,31,77,336,9,90,152,65,20,519,30,114,182,96,97
"3452","141611012",1,743,391,7,98,148,116,22,12,0,5,6,1,0,340,46,41,33,61,159,403,7,103,154,117,22,743,53,144,187,178,181
"3453","140070616",1,246,122,3,26,52,33,8,9,0,5,3,1,0,115,24,8,13,21,49,131,3,31,55,34,8,246,27,39,68,55,57
"3454","141611017",1,781,468,7,102,216,102,41,18,0,8,7,3,0,295,43,42,47,48,115,486,7,110,223,105,41,781,50,152,270,153,156
"3455","141611010",1,387,237,5,40,78,84,30,9,2,2,4,1,0,141,9,22,8,20,82,246,7,42,82,85,30,387,16,64,90,105,112
"3456","141610922",1,687,495,9,99,343,42,2,22,4,6,10,2,0,170,72,39,46,10,3,517,13,105,353,44,2,687,85,144,399,54,5
"3457","141610923",1,515,320,9,84,109,88,30,21,1,8,9,3,0,174,11,25,22,55,61,341,10,92,118,91,30,515,21,117,140,146,91
"3458","141611008",1,582,373,8,102,154,92,17,23,2,13,6,2,0,186,33,16,30,31,76,396,10,115,160,94,17,582,43,131,190,125,93
"3459","141611117",1,552,313,10,112,123,56,12,19,5,5,8,1,0,220,36,52,45,35,52,332,15,117,131,57,12,552,51,169,176,92,64
"3460","141611009",1,446,246,7,60,114,55,10,20,3,9,3,2,3,180,21,24,22,37,76,266,10,69,117,57,13,446,31,93,139,94,89
"3461","141611018",1,739,472,11,72,261,113,15,18,2,7,3,6,0,249,75,50,48,31,45,490,13,79,264,119,15,739,88,129,312,150,60
"3462","141611019",1,763,477,23,91,297,62,4,27,2,18,6,1,0,259,93,47,64,30,25,504,25,109,303,63,4,763,118,156,367,93,29
"3463","141610603",1,850,523,20,118,258,119,8,29,4,17,7,1,0,298,76,43,54,55,70,552,24,135,265,120,8,850,100,178,319,175,78
"3464","141610604",1,736,453,7,86,219,126,15,23,0,10,7,6,0,260,57,45,42,46,70,476,7,96,226,132,15,736,64,141,268,178,85
"3465","141611021",1,631,359,15,91,170,77,6,17,2,7,7,1,0,255,75,43,48,35,54,376,17,98,177,78,6,631,92,141,225,113,60
"3466","141611020",1,579,346,7,96,148,76,19,21,0,10,10,1,0,212,39,27,39,43,64,367,7,106,158,77,19,579,46,133,197,120,83
"3467","141330401",1,61,26,1,4,9,7,5,3,0,1,1,1,0,32,6,4,8,2,12,29,1,5,10,8,5,61,7,9,18,10,17
"3468","141610602",1,757,487,21,150,189,108,19,28,8,9,10,1,0,242,45,50,34,59,54,515,29,159,199,109,19,757,74,209,233,168,73
"3469","141610606",1,789,425,6,108,186,100,25,22,2,10,7,3,0,342,58,43,53,71,117,447,8,118,193,103,25,789,66,161,246,174,142
"3470","141820106",1,249,182,13,47,72,39,11,0,0,0,0,0,0,67,17,18,12,12,8,182,13,47,72,39,11,249,30,65,84,51,19
"3471","140070805",1,783,468,15,111,203,120,19,27,4,10,9,2,2,288,62,56,45,48,77,495,19,121,212,122,21,783,81,177,257,170,98
"3472","140420203",1,120,75,8,31,25,9,2,0,0,0,0,0,0,45,13,14,12,2,4,75,8,31,25,9,2,120,21,45,37,11,6
"3473","141610601",1,551,336,20,133,123,53,7,39,7,12,13,5,2,176,37,38,31,28,42,375,27,145,136,58,9,551,64,183,167,86,51
"3474","140420201",1,86,66,10,21,28,7,0,0,0,0,0,0,0,20,1,4,8,5,2,66,10,21,28,7,0,86,11,25,36,12,2
"3475","141330402",1,110,65,4,17,32,7,5,0,0,0,0,0,0,45,7,13,8,3,14,65,4,17,32,7,5,110,11,30,40,10,19
"3476","141610607",1,717,438,16,120,172,112,18,8,0,6,2,0,0,271,47,53,49,51,71,446,16,126,174,112,18,717,63,179,223,163,89
"3477","140070809",1,636,409,15,95,153,132,14,15,1,6,5,3,0,212,45,29,36,53,49,424,16,101,158,135,14,636,61,130,194,188,63
"3478","141610608",1,454,246,5,68,103,52,18,12,0,7,3,2,0,196,35,20,24,35,82,258,5,75,106,54,18,454,40,95,130,89,100
"3479","141610609",1,526,300,8,87,108,72,25,19,1,9,7,2,0,207,22,22,29,45,89,319,9,96,115,74,25,526,31,118,144,119,114
"3480","141610402",1,96,57,4,14,25,13,1,0,0,0,0,0,0,39,12,9,11,3,4,57,4,14,25,13,1,96,16,23,36,16,5
"3481","141610613",1,665,374,6,103,166,90,9,24,2,10,6,6,0,267,57,43,42,56,69,398,8,113,172,96,9,665,65,156,214,152,78
"3482","141610612",1,554,301,7,64,125,84,21,8,0,2,4,1,1,245,34,18,18,38,137,309,7,66,129,85,22,554,41,84,147,123,159
"3483","141610611",1,494,293,9,63,122,77,22,14,0,5,6,3,0,187,25,35,17,22,88,307,9,68,128,80,22,494,34,103,145,102,110
"3484","141610205",1,44,32,3,3,12,10,4,2,0,1,1,0,0,10,3,0,4,3,0,34,3,4,13,10,4,44,6,4,17,13,4
"3485","141610610",1,614,371,8,94,168,70,31,21,1,11,6,1,2,222,36,21,26,35,104,392,9,105,174,71,33,614,45,126,200,106,137
"3486","140070820",1,475,280,11,72,114,74,9,21,0,12,8,0,1,174,36,30,27,27,54,301,11,84,122,74,10,475,47,114,149,101,64
"3487","141330404",1,142,105,9,18,52,17,9,5,1,1,2,1,0,32,6,5,7,1,13,110,10,19,54,18,9,142,16,24,61,19,22
"3488","141610105",1,163,86,5,26,40,15,0,3,2,1,0,0,0,74,15,15,23,8,13,89,7,27,40,15,0,163,22,42,63,23,13
"3489","140070808",1,629,350,4,81,149,90,26,17,0,7,3,6,1,262,41,39,17,47,118,367,4,88,152,96,27,629,45,127,169,143,145
"3490","140070811",1,30,21,1,3,9,6,2,0,0,0,0,0,0,9,0,0,1,3,5,21,1,3,9,6,2,30,1,3,10,9,7
"3491","141610614",1,541,320,20,101,130,61,8,17,0,6,6,4,1,204,44,38,44,44,34,337,20,107,136,65,9,541,64,145,180,109,43
"3492","140070701",1,54,28,2,5,13,5,3,1,0,1,0,0,0,25,2,2,6,4,11,29,2,6,13,5,3,54,4,8,19,9,14
"3493","140070806",1,419,251,6,57,116,62,10,16,1,9,6,0,0,152,31,17,26,25,53,267,7,66,122,62,10,419,38,83,148,87,63
"3494","141330410",1,311,162,6,28,55,50,23,10,1,6,0,3,0,139,23,16,22,30,48,172,7,34,55,53,23,311,30,50,77,83,71
"3495","141330409",1,924,517,19,120,230,117,31,26,4,11,8,3,0,381,73,62,45,64,137,543,23,131,238,120,31,924,96,193,283,184,168
"3496","141610204",1,54,28,2,4,15,7,0,0,0,0,0,0,0,26,9,2,10,2,3,28,2,4,15,7,0,54,11,6,25,9,3
"3497","140070704",1,13,6,0,1,2,2,1,0,0,0,0,0,0,7,2,0,2,3,0,6,0,1,2,2,1,13,2,1,4,5,1
"3498","141330403",1,134,85,3,27,25,21,9,8,4,3,1,0,0,41,6,15,5,6,9,93,7,30,26,21,9,134,13,45,31,27,18
"3499","140070817",1,775,475,14,114,209,100,38,34,2,19,10,2,1,266,46,45,35,55,85,509,16,133,219,102,39,775,62,178,254,157,124
"3500","140070807",1,681,373,15,83,164,90,21,15,0,9,4,2,0,293,58,44,40,63,88,388,15,92,168,92,21,681,73,136,208,155,109
"3501","140420208",1,330,205,14,78,61,38,14,7,1,4,1,1,0,118,22,33,28,17,18,212,15,82,62,39,14,330,37,115,90,56,32
"3502","141330406",1,131,62,7,10,31,11,3,8,1,2,3,2,0,61,9,8,13,12,19,70,8,12,34,13,3,131,17,20,47,25,22
"3503","140070816",1,524,309,8,69,173,49,10,10,0,7,2,1,0,205,58,33,51,30,33,319,8,76,175,50,10,524,66,109,226,80,43
"3504","140070720",1,37,20,0,8,10,2,0,0,0,0,0,0,0,17,2,1,1,1,12,20,0,8,10,2,0,37,2,9,11,3,12
"3505","140420210",1,532,304,14,100,111,71,8,14,0,5,6,2,1,214,32,38,33,30,81,318,14,105,117,73,9,532,46,143,150,103,90
"3506","140070703",1,28,6,1,1,2,2,0,0,0,0,0,0,0,22,1,0,7,6,8,6,1,1,2,2,0,28,2,1,9,8,8
"3507","140070810",1,71,51,2,11,15,15,8,1,0,0,1,0,0,19,1,2,3,4,9,52,2,11,16,15,8,71,3,13,19,19,17
"3508","140070702",1,60,41,0,11,11,13,6,0,0,0,0,0,0,19,1,5,2,3,8,41,0,11,11,13,6,60,1,16,13,16,14
"3509","141330411",1,387,202,4,50,94,50,4,24,1,7,11,2,3,161,26,21,26,40,48,226,5,57,105,52,7,387,31,78,131,92,55
"3510","140070812",1,31,17,0,2,7,3,5,1,0,0,1,0,0,13,0,2,2,2,7,18,0,2,8,3,5,31,0,4,10,5,12
"3511","141610203",1,45,24,1,3,9,9,2,0,0,0,0,0,0,21,5,2,8,4,2,24,1,3,9,9,2,45,6,5,17,13,4
"3512","140420301",1,228,164,6,58,61,27,12,1,0,0,1,0,0,63,8,27,13,11,4,165,6,58,62,27,12,228,14,85,75,38,16
"3513","141610207",1,502,293,12,76,145,49,11,17,2,5,7,3,0,192,32,32,32,37,59,310,14,81,152,52,11,502,46,113,184,89,70
"3514","141610208",1,546,278,12,59,139,52,16,19,2,10,6,1,0,249,42,41,35,40,91,297,14,69,145,53,16,546,56,110,180,93,107
"3515","141610211",1,494,263,10,47,127,56,23,17,0,9,5,3,0,214,37,25,34,37,81,280,10,56,132,59,23,494,47,81,166,96,104
"3516","141330405",1,299,145,7,39,63,32,4,15,1,7,6,1,0,139,25,32,22,23,37,160,8,46,69,33,4,299,33,78,91,56,41
"3517","141610209",1,621,318,2,62,153,69,32,20,2,7,6,3,2,283,30,46,34,48,125,338,4,69,159,72,34,621,34,115,193,120,159
"3518","141820111",1,424,237,5,56,89,64,23,10,1,6,3,0,0,177,22,24,18,35,78,247,6,62,92,64,23,424,28,86,110,99,101
"3519","141610210",1,489,270,5,53,130,68,14,13,0,8,2,1,2,206,35,21,20,39,91,283,5,61,132,69,16,489,40,82,152,108,107
"3520","141820112",1,541,333,15,74,143,87,14,6,1,4,0,1,0,202,37,28,34,28,75,339,16,78,143,88,14,541,53,106,177,116,89
"3521","141610212",1,469,251,7,84,105,50,5,26,1,11,9,5,0,192,26,35,29,36,66,277,8,95,114,55,5,469,34,130,143,91,71
"3522","140420204",1,90,63,5,22,26,9,1,1,0,1,0,0,0,26,6,6,9,1,4,64,5,23,26,9,1,90,11,29,35,10,5
"3523","141610213",1,534,286,8,81,126,52,19,10,3,5,2,0,0,238,40,40,26,39,93,296,11,86,128,52,19,534,51,126,154,91,112
"3524","140630102",1,63,42,1,9,15,13,4,1,0,1,0,0,0,20,4,7,5,2,2,43,1,10,15,13,4,63,5,17,20,15,6
"3525","140070710",1,30,24,0,6,9,6,3,0,0,0,0,0,0,6,0,0,3,3,0,24,0,6,9,6,3,30,0,6,12,9,3
"3526","140420202",1,162,117,7,40,45,17,8,4,0,3,1,0,0,41,6,13,8,10,4,121,7,43,46,17,8,162,13,56,54,27,12
"3527","141610214",1,526,301,17,97,113,59,15,27,5,6,8,6,2,198,29,40,26,39,64,328,22,103,121,65,17,526,51,143,147,104,81
"3528","141610215",1,451,246,11,48,103,60,24,4,1,2,0,1,0,201,25,20,21,32,103,250,12,50,103,61,24,451,37,70,124,93,127
"3529","141820109",1,120,79,7,19,37,11,5,2,0,2,0,0,0,39,4,6,11,3,15,81,7,21,37,11,5,120,11,27,48,14,20
"3530","141610216",1,533,327,22,89,119,73,24,7,0,5,1,1,0,199,34,23,33,32,77,334,22,94,120,74,24,533,56,117,153,106,101
"3531","141610403",1,58,38,2,10,12,13,1,0,0,0,0,0,0,20,2,0,9,7,2,38,2,10,12,13,1,58,4,10,21,20,3
"3532","141820108",1,195,152,7,54,50,35,6,0,0,0,0,0,0,43,5,13,10,10,5,152,7,54,50,35,6,195,12,67,60,45,11
"3533","141330407",1,178,105,5,28,49,20,3,2,1,1,0,0,0,71,11,15,10,17,18,107,6,29,49,20,3,178,17,44,59,37,21
"3534","140420112",1,314,182,5,44,69,52,12,3,0,0,0,1,2,129,25,13,15,24,52,185,5,44,69,53,14,314,30,57,84,77,66
"3535","141330408",1,297,164,2,46,80,29,7,11,2,2,6,1,0,122,19,24,30,18,31,175,4,48,86,30,7,297,23,72,116,48,38
"3536","140070707",1,36,16,0,5,7,3,1,1,0,0,1,0,0,19,4,1,3,5,6,17,0,5,8,3,1,36,4,6,11,8,7
"3537","141610406",1,120,81,1,21,41,14,4,0,0,0,0,0,0,39,6,13,9,3,8,81,1,21,41,14,4,120,7,34,50,17,12
"3538","140420302",1,208,155,12,59,54,24,6,3,0,1,1,1,0,50,18,16,9,4,3,158,12,60,55,25,6,208,30,76,64,29,9
"3539","140070719",1,384,200,8,45,94,37,16,6,0,4,0,2,0,178,23,25,29,30,71,206,8,49,94,39,16,384,31,74,123,69,87
"3540","140070709",1,21,11,1,4,3,2,1,1,0,0,0,1,0,9,3,1,2,0,3,12,1,4,3,3,1,21,4,5,5,3,4
"3541","140070706",1,670,348,12,79,150,83,24,7,0,3,2,2,0,315,49,44,55,62,105,355,12,82,152,85,24,670,61,126,207,147,129
"3542","140420309",1,664,409,17,105,177,77,33,10,0,3,4,3,0,245,58,31,39,42,75,419,17,108,181,80,33,664,75,139,220,122,108
"3543","140070708",1,36,14,0,0,6,6,2,5,1,1,2,0,1,17,5,0,3,4,5,19,1,1,8,6,3,36,6,1,11,10,8
"3544","140420311",1,618,363,11,92,165,70,25,17,2,9,5,1,0,238,46,22,19,42,109,380,13,101,170,71,25,618,59,123,189,113,134
"3545","140420310",1,771,413,16,125,180,84,8,21,3,7,2,8,1,337,63,67,64,65,78,434,19,132,182,92,9,771,82,199,246,157,87
"3546","140980101",1,13,7,1,1,2,2,1,0,0,0,0,0,0,6,0,2,1,2,1,7,1,1,2,2,1,13,1,3,3,4,2
"3547","140980102",1,47,28,0,9,13,5,1,0,0,0,0,0,0,19,4,4,7,3,1,28,0,9,13,5,1,47,4,13,20,8,2
"3548","140070712",1,34,9,0,2,6,0,1,2,0,2,0,0,0,23,4,0,5,4,10,11,0,4,6,0,1,34,4,4,11,4,11
"3549","140070814",1,807,434,13,104,228,78,11,22,3,7,9,3,0,351,71,64,58,71,87,456,16,111,237,81,11,807,87,175,295,152,98
"3550","140070813",1,36,27,1,6,9,8,3,0,0,0,0,0,0,9,1,3,2,3,0,27,1,6,9,8,3,36,2,9,11,11,3
"3551","140420205",1,210,134,8,48,53,20,5,0,0,0,0,0,0,76,12,36,18,7,3,134,8,48,53,20,5,210,20,84,71,27,8
"3552","140070818",1,625,334,11,71,152,71,29,6,0,3,3,0,0,285,44,53,45,46,97,340,11,74,155,71,29,625,55,127,200,117,126
"3553","140420303",1,154,117,8,38,43,21,7,0,0,0,0,0,0,37,8,10,7,7,5,117,8,38,43,21,7,154,16,48,50,28,12
"3554","140070711",1,30,16,0,1,9,3,3,0,0,0,0,0,0,14,2,2,4,3,3,16,0,1,9,3,3,30,2,3,13,6,6
"3555","140070815",1,757,405,12,104,185,78,26,14,0,8,4,1,1,338,60,36,50,58,134,419,12,112,189,79,27,757,72,148,239,137,161
"3556","141610411",1,244,142,5,34,64,28,11,6,1,2,1,2,0,96,17,17,10,21,31,148,6,36,65,30,11,244,23,53,75,51,42
"3557","140070715",1,175,106,8,35,37,24,2,1,0,1,0,0,0,68,11,13,12,14,18,107,8,36,37,24,2,175,19,49,49,38,20
"3558","141610405",1,177,117,5,34,51,19,8,4,0,3,1,0,0,56,11,7,16,12,10,121,5,37,52,19,8,177,16,44,68,31,18
"3559","140070714",1,11,6,0,1,2,2,1,0,0,0,0,0,0,5,0,1,1,2,1,6,0,1,2,2,1,11,0,2,3,4,2
"3560","141820110",1,250,155,5,36,70,28,16,5,0,1,3,1,0,90,16,17,17,15,25,160,5,37,73,29,16,250,21,54,90,44,41
"3561","141820113",1,573,320,6,79,138,77,20,7,2,3,0,1,1,246,47,38,30,36,95,327,8,82,138,78,21,573,55,120,168,114,116
"3562","141820201",1,153,104,6,38,43,14,3,1,0,1,0,0,0,48,9,17,15,4,3,105,6,39,43,14,3,153,15,56,58,18,6
"3563","141820114",1,316,192,7,54,71,46,14,8,2,4,2,0,0,116,19,14,17,18,48,200,9,58,73,46,14,316,28,72,90,64,62
"3564","140070713",1,77,33,1,7,10,12,3,0,0,0,0,0,0,44,8,7,11,12,6,33,1,7,10,12,3,77,9,14,21,24,9
"3565","140070718",1,57,40,2,15,7,14,2,0,0,0,0,0,0,17,2,1,3,2,9,40,2,15,7,14,2,57,4,16,10,16,11
"3566","140070716",1,31,16,0,0,10,3,3,1,0,1,0,0,0,14,4,2,2,1,5,17,0,1,10,3,3,31,4,3,12,4,8
"3567","140420207",1,101,62,1,22,25,10,4,1,0,1,0,0,0,38,4,17,10,6,1,63,1,23,25,10,4,101,5,40,35,16,5
"3568","141820115",1,458,230,6,47,96,66,15,5,1,3,1,0,0,223,43,39,29,46,66,235,7,50,97,66,15,458,50,89,126,112,81
"3569","141820206",1,603,328,12,81,131,95,9,12,0,8,4,0,0,263,50,58,42,34,79,340,12,89,135,95,9,603,62,147,177,129,88
"3570","140630104",1,30,21,0,5,9,3,4,0,0,0,0,0,0,9,1,1,3,2,2,21,0,5,9,3,4,30,1,6,12,5,6
"3571","140070901",1,20,14,0,0,11,3,0,1,0,0,1,0,0,5,0,0,3,1,1,15,0,0,12,3,0,20,0,0,15,4,1
"3572","140420206",1,72,49,3,7,23,10,6,1,0,1,0,0,0,22,4,6,6,2,4,50,3,8,23,10,6,72,7,14,29,12,10
"3573","140980105",1,29,11,0,3,3,4,1,0,0,0,0,0,0,18,3,2,4,4,5,11,0,3,3,4,1,29,3,5,7,8,6
"3574","140980106",1,55,27,1,9,6,7,4,0,0,0,0,0,0,28,5,7,5,10,1,27,1,9,6,7,4,55,6,16,11,17,5
"3575","141610407",1,191,141,2,26,60,40,13,2,1,0,0,1,0,48,12,4,9,7,16,143,3,26,60,41,13,191,15,30,69,48,29
"3576","140420601",1,657,437,26,144,162,89,16,32,9,12,8,3,0,188,35,36,39,25,53,469,35,156,170,92,16,657,70,192,209,117,69
"3577","141820301",1,143,94,7,25,35,17,10,1,0,0,1,0,0,48,10,13,14,4,7,95,7,25,36,17,10,143,17,38,50,21,17
"3578","141820302",1,43,27,0,10,9,6,2,0,0,0,0,0,0,16,4,7,3,0,2,27,0,10,9,6,2,43,4,17,12,6,4
"3579","140420615",1,819,603,44,194,268,82,15,23,1,14,5,3,0,193,61,36,47,24,25,626,45,208,273,85,15,819,106,244,320,109,40
"3580","141610404",1,77,48,1,12,25,7,3,0,0,0,0,0,0,29,5,12,7,5,0,48,1,12,25,7,3,77,6,24,32,12,3
"3581","140420304",1,119,77,1,22,28,22,4,0,0,0,0,0,0,42,6,11,12,6,7,77,1,22,28,22,4,119,7,33,40,28,11
"3582","141820202",1,281,174,6,46,86,31,5,0,0,0,0,0,0,107,20,29,29,11,18,174,6,46,86,31,5,281,26,75,115,42,23
"3583","140420621",1,990,747,19,161,455,96,16,18,1,10,5,2,0,225,80,42,44,34,25,765,20,171,460,98,16,990,100,213,504,132,41
"3584","141820116",1,793,469,12,140,182,112,23,34,4,11,8,11,0,290,47,43,53,39,108,503,16,151,190,123,23,793,63,194,243,162,131
"3585","141820117",1,520,319,7,97,133,69,13,19,3,7,6,2,1,182,33,28,27,29,65,338,10,104,139,71,14,520,43,132,166,100,79
"3586","141820118",1,581,340,8,71,166,71,24,8,0,3,2,3,0,233,30,32,39,48,84,348,8,74,168,74,24,581,38,106,207,122,108
"3587","140420209",1,318,219,15,70,90,40,4,5,0,3,2,0,0,94,25,26,18,13,12,224,15,73,92,40,4,318,40,99,110,53,16
"3588","140980104",1,62,41,1,11,17,10,2,0,0,0,0,0,0,21,1,5,6,7,2,41,1,11,17,10,2,62,2,16,23,17,4
"3589","140070717",1,22,17,0,5,6,5,1,0,0,0,0,0,0,5,0,2,2,1,0,17,0,5,6,5,1,22,0,7,8,6,1
"3590","141820119",1,645,359,4,81,151,94,29,15,2,7,5,1,0,271,32,32,15,42,150,374,6,88,156,95,29,645,38,120,171,137,179
"3591","141820120",1,753,436,10,97,198,112,19,6,1,1,3,1,0,311,53,43,31,60,124,442,11,98,201,113,19,753,64,141,232,173,143
"3592","141820121",1,499,263,1,50,103,80,29,9,0,2,5,2,0,227,29,32,25,35,106,272,1,52,108,82,29,499,30,84,133,117,135
"3593","140420602",1,599,406,16,140,136,97,17,24,0,11,10,2,1,169,36,23,17,33,60,430,16,151,146,99,18,599,52,174,163,132,78
"3594","140420616",1,954,701,29,174,321,145,32,34,3,17,8,4,2,219,66,45,21,32,55,735,32,191,329,149,34,954,98,236,350,181,89
"3595","140420603",1,828,553,23,146,239,111,34,21,1,11,7,2,0,254,44,36,44,51,79,574,24,157,246,113,34,828,68,193,290,164,113
"3596","140420703",1,955,632,31,190,257,113,41,38,4,15,12,6,1,285,50,48,46,43,98,670,35,205,269,119,42,955,85,253,315,162,140
"3597","140980103",1,80,45,0,10,18,14,3,0,0,0,0,0,0,35,4,9,11,7,4,45,0,10,18,14,3,80,4,19,29,21,7
"3598","140420701",1,936,636,41,210,245,119,21,48,3,25,12,8,0,252,50,55,39,33,75,684,44,235,257,127,21,936,94,290,296,160,96
"3599","140420702",1,748,532,32,142,208,116,34,20,0,11,5,4,0,196,37,29,23,40,67,552,32,153,213,120,34,748,69,182,236,160,101
"3600","140420715",1,959,594,41,174,271,98,10,51,8,21,16,5,1,314,121,62,65,31,35,645,49,195,287,103,11,959,170,257,352,134,46
"3601","140420618",1,449,298,6,102,109,61,20,21,1,16,3,0,1,130,22,17,21,24,46,319,7,118,112,61,21,449,29,135,133,85,67
"3602","140420901",1,597,399,34,137,165,56,7,42,3,20,14,5,0,156,55,19,43,14,25,441,37,157,179,61,7,597,92,176,222,75,32
"3603","140420606",1,739,390,8,109,131,113,29,24,1,16,3,3,1,325,32,47,23,49,174,414,9,125,134,116,30,739,41,172,157,165,204
"3604","140420608",1,916,605,8,166,248,137,46,23,1,9,7,6,0,288,32,49,27,44,136,628,9,175,255,143,46,916,41,224,282,187,182
"3605","140420710",1,904,598,34,192,255,100,17,54,6,24,15,8,1,252,68,52,45,35,52,652,40,216,270,108,18,904,108,268,315,143,70
"3606","140420617",1,631,399,7,137,146,90,19,15,2,8,3,1,1,217,18,50,17,37,95,414,9,145,149,91,20,631,27,195,166,128,115
"3607","140420605",1,605,374,2,98,157,88,29,21,1,10,8,2,0,210,25,41,16,28,100,395,3,108,165,90,29,605,28,149,181,118,129
"3608","140420609",1,700,442,8,148,151,102,33,23,0,16,4,3,0,235,32,32,16,52,103,465,8,164,155,105,33,700,40,196,171,157,136
"3609","140420604",1,648,438,9,125,184,80,40,13,1,7,3,1,1,197,22,35,16,27,97,451,10,132,187,81,41,648,32,167,203,108,138
"3610","140420711",1,1474,1083,62,279,542,172,28,53,5,22,23,3,0,338,96,63,81,47,51,1136,67,301,565,175,28,1474,163,364,646,222,79
"3611","140420910",1,460,299,6,97,130,48,18,4,1,1,0,2,0,157,22,31,16,19,69,303,7,98,130,50,18,460,29,129,146,69,87
"3612","140420704",1,598,367,4,110,135,81,37,10,0,5,4,1,0,221,18,34,9,45,115,377,4,115,139,82,37,598,22,149,148,127,152
"3613","140420921",1,691,473,25,141,207,86,14,31,4,16,9,2,0,187,59,25,34,31,38,504,29,157,216,88,14,691,88,182,250,119,52
"3614","140420904",1,595,429,25,127,196,60,21,27,5,10,10,2,0,139,34,38,33,20,14,456,30,137,206,62,21,595,64,175,239,82,35
"3615","140420607",1,464,294,5,80,118,66,25,12,0,6,4,2,0,158,16,32,9,23,78,306,5,86,122,68,25,464,21,118,131,91,103
"3616","140420920",1,654,414,11,119,175,91,18,28,3,15,7,3,0,212,44,18,29,42,79,442,14,134,182,94,18,654,58,152,211,136,97
"3617","140420709",1,783,538,19,143,214,122,40,15,0,4,8,2,1,230,36,43,38,36,77,553,19,147,222,124,41,783,55,190,260,160,118
"3618","140421103",1,676,472,15,124,223,99,11,26,0,10,10,6,0,178,54,32,24,34,34,498,15,134,233,105,11,676,69,166,257,139,45
"3619","140420610",1,418,277,3,109,99,47,19,4,0,3,0,0,1,137,14,23,8,25,67,281,3,112,99,47,20,418,17,135,107,72,87
"3620","140420705",1,749,526,22,135,194,96,79,7,0,4,2,1,0,216,37,36,19,31,93,533,22,139,196,97,79,749,59,175,215,128,172
"3621","140420619",1,348,220,6,65,89,40,20,6,0,5,1,0,0,122,18,42,8,7,47,226,6,70,90,40,20,348,24,112,98,47,67
"3622","140420611",1,595,380,5,117,152,82,24,14,1,9,1,3,0,201,31,31,14,27,98,394,6,126,153,85,24,595,37,157,167,112,122
"3623","140420902",1,696,485,10,136,169,142,28,20,2,4,12,2,0,191,45,22,19,41,64,505,12,140,181,144,28,696,57,162,200,185,92
"3624","140420708",1,693,465,7,129,189,98,42,24,1,15,3,5,0,204,30,32,17,37,88,489,8,144,192,103,42,693,38,176,209,140,130
"3625","141610408",1,40,28,1,7,10,10,0,0,0,0,0,0,0,12,1,5,3,2,1,28,1,7,10,10,0,40,2,12,13,12,1
"3626","140420707",1,671,395,3,111,155,91,35,20,4,12,2,2,0,256,31,37,15,52,121,415,7,123,157,93,35,671,38,160,172,145,156
"3627","140420712",1,620,441,21,133,164,101,22,25,2,12,6,3,2,154,27,29,21,23,54,466,23,145,170,104,24,620,50,174,191,127,78
"3628","140420923",1,387,228,4,64,93,48,19,8,0,5,3,0,0,151,16,29,12,17,77,236,4,69,96,48,19,387,20,98,108,65,96
"3629","140420612",1,348,222,1,63,89,42,27,5,0,4,0,1,0,121,14,27,8,13,59,227,1,67,89,43,27,348,15,94,97,56,86
"3630","141610801",1,570,388,16,135,134,94,9,12,1,5,3,3,0,170,45,38,25,32,30,400,17,140,137,97,9,570,62,178,162,129,39
"3631","140420903",1,547,378,8,99,148,89,34,21,3,8,5,5,0,148,19,15,18,28,68,399,11,107,153,94,34,547,30,122,171,122,102
"3632","140420614",1,595,392,3,115,161,76,37,15,2,7,4,2,0,188,26,31,12,16,103,407,5,122,165,78,37,595,31,153,177,94,140
"3633","140421102",1,542,354,4,97,138,92,23,14,1,10,2,1,0,174,18,25,17,46,68,368,5,107,140,93,23,542,23,132,157,139,91
"3634","140421104",1,665,477,22,101,179,134,41,19,1,8,7,3,0,169,19,15,18,49,68,496,23,109,186,137,41,665,42,124,204,186,109
"3635","141610802",1,309,203,12,58,74,49,10,7,0,3,4,0,0,99,25,11,11,16,36,210,12,61,78,49,10,309,37,72,89,65,46
"3636","140420706",1,549,347,6,105,131,75,30,14,1,9,2,1,1,188,31,41,19,27,70,361,7,114,133,76,31,549,38,155,152,103,101
"3637","140420620",1,330,211,7,51,83,48,22,7,0,4,3,0,0,112,13,33,5,20,41,218,7,55,86,48,22,330,20,88,91,68,63
"3638","140420909",1,795,515,5,148,209,118,35,19,0,11,4,2,2,261,36,42,17,47,119,534,5,159,213,120,37,795,41,201,230,167,156
"3639","141610806",1,403,265,13,61,116,54,21,13,1,6,3,2,1,125,28,25,17,15,40,278,14,67,119,56,22,403,42,92,136,71,62
"3640","140420613",1,571,367,5,106,154,71,31,5,1,4,0,0,0,199,26,27,13,25,108,372,6,110,154,71,31,571,32,137,167,96,139
"3641","141610815",1,518,343,22,95,137,67,22,12,3,7,2,0,0,163,38,17,23,32,53,355,25,102,139,67,22,518,63,119,162,99,75
"3642","140420713",1,601,392,10,101,160,93,28,25,0,17,8,0,0,184,35,38,21,31,59,417,10,118,168,93,28,601,45,156,189,124,87
"3643","140070902",1,49,21,0,3,10,6,2,0,0,0,0,0,0,28,2,4,8,8,6,21,0,3,10,6,2,49,2,7,18,14,8
"3644","140420802",1,308,191,2,63,69,42,15,12,0,10,1,1,0,105,11,17,8,12,57,203,2,73,70,43,15,308,13,90,78,55,72
"3645","140420908",1,440,268,5,70,111,61,21,5,0,2,1,2,0,167,17,27,8,22,93,273,5,72,112,63,21,440,22,99,120,85,114
"3646","140421106",1,550,385,28,115,159,76,7,17,0,13,3,0,1,148,36,25,29,16,42,402,28,128,162,76,8,550,64,153,191,92,50
"3647","140420912",1,263,155,3,35,57,45,15,9,1,5,3,0,0,99,8,14,8,16,53,164,4,40,60,45,15,263,12,54,68,61,68
"3648","140421101",1,561,415,13,99,230,63,10,19,3,8,7,1,0,127,51,23,21,16,16,434,16,107,237,64,10,561,67,130,258,80,26
"3649","140421109",1,942,677,31,217,278,135,16,27,1,10,10,5,1,238,62,50,47,38,41,704,32,227,288,140,17,942,94,277,335,178,58
"3650","140421105",1,771,602,32,200,278,79,13,21,2,9,9,1,0,148,53,31,31,11,22,623,34,209,287,80,13,771,87,240,318,91,35
"3651","140420906",1,800,581,19,145,288,112,17,9,0,5,4,0,0,210,61,46,27,25,51,590,19,150,292,112,17,800,80,196,319,137,68
"3652","140420917",1,598,412,15,81,197,92,27,6,0,2,4,0,0,180,34,32,23,29,62,418,15,83,201,92,27,598,49,115,224,121,89
"3653","141820304",1,122,92,4,25,39,22,2,0,0,0,0,0,0,30,5,7,7,7,4,92,4,25,39,22,2,122,9,32,46,29,6
"3654","141610409",1,124,98,6,27,46,9,10,0,0,0,0,0,0,26,8,6,5,4,3,98,6,27,46,9,10,124,14,33,51,13,13
"3655","140420911",1,409,261,2,76,101,64,18,8,1,3,2,2,0,140,25,31,10,16,58,269,3,79,103,66,18,409,28,110,113,82,76
"3656","141610804",1,394,194,7,34,94,41,18,4,0,2,1,1,0,196,19,27,12,35,103,198,7,36,95,42,18,394,26,63,107,77,121
"3657","140420919",1,755,491,18,126,211,110,26,23,0,9,9,4,1,241,52,29,34,56,70,514,18,135,220,114,27,755,70,164,254,170,97
"3658","140420714",1,377,250,5,72,110,51,12,15,2,8,4,1,0,112,10,25,8,20,49,265,7,80,114,52,12,377,17,105,122,72,61
"3659","140420905",1,727,579,12,92,391,74,10,17,1,9,3,4,0,131,40,25,29,20,17,596,13,101,394,78,10,727,53,126,423,98,27
"3660","140420820",1,397,254,1,88,95,46,24,4,1,1,2,0,0,139,9,29,12,22,67,258,2,89,97,46,24,397,11,118,109,68,91
"3661","140420924",1,469,305,3,70,121,93,18,4,0,3,0,1,0,160,38,20,11,20,71,309,3,73,121,94,18,469,41,93,132,114,89
"3662","140420922",1,393,216,1,65,79,49,22,8,0,4,3,1,0,169,13,24,15,37,80,224,1,69,82,50,22,393,14,93,97,87,102
"3663","141610803",1,412,256,11,62,112,53,18,10,1,1,4,4,0,146,20,19,10,23,74,266,12,63,116,57,18,412,32,82,126,80,92
"3664","140420801",1,434,306,7,83,115,55,46,10,0,3,6,0,1,118,17,19,6,17,59,316,7,86,121,55,47,434,24,105,127,72,106
"3665","141610816",1,453,260,4,70,109,65,12,14,2,5,4,2,1,179,34,37,19,24,65,274,6,75,113,67,13,453,40,112,132,91,78
"3666","140420803",1,678,409,7,127,156,89,30,21,1,8,6,5,1,248,26,58,11,33,120,430,8,135,162,94,31,678,34,193,173,127,151
"3667","140421113",1,468,305,8,94,133,61,9,12,1,5,3,2,1,151,27,23,23,33,45,317,9,99,136,63,10,468,36,122,159,96,55
"3668","140420918",1,564,346,6,97,116,97,30,12,0,7,3,2,0,206,35,39,13,33,86,358,6,104,119,99,30,564,41,143,132,132,116
"3669","140420308",1,442,303,13,77,148,51,14,7,0,4,2,1,0,132,22,29,35,25,21,310,13,81,150,52,14,442,35,110,185,77,35
"3670","140630103",1,44,39,0,7,9,15,8,0,0,0,0,0,0,5,0,4,1,0,0,39,0,7,9,15,8,44,0,11,10,15,8
"3671","141610805",1,318,182,7,34,81,38,22,6,1,2,0,2,1,130,8,8,12,26,76,188,8,36,81,40,23,318,16,44,93,66,99
"3672","140420913",1,577,393,8,113,147,100,25,18,2,9,4,2,1,166,26,21,12,33,74,411,10,122,151,102,26,577,36,143,163,135,100
"3673","141610814",1,539,287,1,61,132,60,33,8,0,1,5,1,1,244,22,34,28,35,125,295,1,62,137,61,34,539,23,96,165,96,159
"3674","140420907",1,532,347,4,76,150,103,14,10,0,8,1,1,0,175,50,28,22,36,39,357,4,84,151,104,14,532,54,112,173,140,53
"3675","140421111",1,738,505,10,133,222,120,20,21,2,8,4,6,1,212,63,38,22,40,49,526,12,141,226,126,21,738,75,179,248,166,70
"3676","140420812",1,713,462,7,122,184,110,39,13,0,7,2,4,0,238,23,30,10,36,139,475,7,129,186,114,39,713,30,159,196,150,178
"3677","140421110",1,656,469,12,132,207,87,31,14,0,8,3,3,0,173,33,27,27,25,61,483,12,140,210,90,31,656,45,167,237,115,92
"3678","141610807",1,645,418,18,81,173,103,43,25,4,9,8,2,2,202,31,19,28,35,89,443,22,90,181,105,45,645,53,109,209,140,134
"3679","140420925",1,428,285,5,75,118,57,30,12,0,5,2,5,0,131,8,20,7,16,80,297,5,80,120,62,30,428,13,100,127,78,110
"3680","140420804",1,326,216,1,55,84,42,34,3,0,1,2,0,0,107,10,22,11,12,52,219,1,56,86,42,34,326,11,78,97,54,86
"3681","140420916",1,738,548,11,82,258,156,41,5,0,2,3,0,0,185,60,51,17,25,32,553,11,84,261,156,41,738,71,135,278,181,73
"3682","140420914",1,630,424,5,80,175,97,67,13,0,7,2,4,0,193,36,23,11,25,98,437,5,87,177,101,67,630,41,110,188,126,165
"3683","140420811",1,455,266,6,65,121,52,22,14,0,6,7,1,0,175,18,28,18,15,96,280,6,71,128,53,22,455,24,99,146,68,118
"3684","140421107",1,1142,789,51,256,338,129,15,41,7,18,11,4,1,312,100,77,71,34,30,830,58,274,349,133,16,1142,158,351,420,167,46
"3685","140421112",1,717,455,9,105,222,104,15,13,1,6,4,2,0,249,60,34,24,47,84,468,10,111,226,106,15,717,70,145,250,153,99
"3686","140420821",1,367,251,4,56,117,43,31,11,2,6,2,1,0,105,15,14,7,21,48,262,6,62,119,44,31,367,21,76,126,65,79
"3687","140420808",1,468,305,6,86,135,63,15,4,0,3,1,0,0,159,19,32,8,23,77,309,6,89,136,63,15,468,25,121,144,86,92
"3688","141610813",1,375,217,3,47,89,57,21,4,0,2,1,1,0,154,15,20,9,24,86,221,3,49,90,58,21,375,18,69,99,82,107
"3689","140420805",1,605,392,7,104,138,90,53,11,0,7,2,2,0,202,27,29,16,31,99,403,7,111,140,92,53,605,34,140,156,123,152
"3690","141610817",1,735,448,21,137,180,94,16,13,1,7,1,4,0,274,46,38,43,49,98,461,22,144,181,98,16,735,68,182,224,147,114
"3691","141610812",1,390,217,4,33,102,49,29,3,0,2,1,0,0,170,20,13,13,27,97,220,4,35,103,49,29,390,24,48,116,76,126
"3692","140420915",1,552,320,6,60,132,81,41,5,0,3,2,0,0,227,31,31,24,39,102,325,6,63,134,81,41,552,37,94,158,120,143
"3693","140420810",1,776,499,7,144,172,131,45,19,0,14,1,4,0,258,28,27,23,45,135,518,7,158,173,135,45,776,35,185,196,180,180
"3694","140420401",1,861,535,11,115,263,119,27,33,1,19,7,4,2,293,70,61,57,48,57,568,12,134,270,123,29,861,82,195,327,171,86
"3695","140420813",1,388,224,2,59,79,67,17,14,0,4,4,5,1,150,14,25,13,23,75,238,2,63,83,72,18,388,16,88,96,95,93
"3696","140420806",1,545,313,3,71,132,78,29,12,0,6,2,3,1,220,24,43,10,28,115,325,3,77,134,81,30,545,27,120,144,109,145
"3697","141610811",1,398,188,2,54,65,41,26,7,0,5,2,0,0,203,20,22,16,43,102,195,2,59,67,41,26,398,22,81,83,84,128
"3698","140421108",1,980,725,55,207,272,154,37,34,5,18,7,4,0,221,50,43,49,36,43,759,60,225,279,158,37,980,110,268,328,194,80
"3699","141820303",1,167,120,5,23,50,24,18,4,0,4,0,0,0,43,7,8,11,7,10,124,5,27,50,24,18,167,12,35,61,31,28
"3700","140420814",1,531,339,5,106,129,70,29,7,0,6,1,0,0,185,19,13,17,33,103,346,5,112,130,70,29,531,24,125,147,103,132
"3701","140420809",1,634,373,5,72,152,105,39,14,0,10,2,1,1,247,25,30,21,66,105,387,5,82,154,106,40,634,30,112,175,172,145
"3702","140420817",1,420,230,2,53,95,58,22,2,0,1,1,0,0,188,28,20,14,24,102,232,2,54,96,58,22,420,30,74,110,82,124
"3703","141610810",1,631,383,6,57,175,101,44,7,0,4,0,3,0,241,32,22,17,48,122,390,6,61,175,104,44,631,38,83,192,152,166
"3704","140980108",1,399,253,3,57,120,64,9,9,1,2,3,2,1,137,20,25,22,31,39,262,4,59,123,66,10,399,24,84,145,97,49
"3705","140420822",1,491,359,18,82,139,79,41,11,0,6,2,3,0,121,16,12,15,27,51,370,18,88,141,82,41,491,34,100,156,109,92
"3706","140420807",1,604,373,5,98,147,98,25,19,1,12,5,1,0,212,21,22,15,39,115,392,6,110,152,99,25,604,27,132,167,138,140
"3707","140420823",1,581,386,9,115,162,84,16,17,3,7,3,4,0,178,36,16,17,35,74,403,12,122,165,88,16,581,48,138,182,123,90
"3708","141610808",1,498,331,8,68,132,103,20,22,2,12,3,5,0,145,29,18,12,25,61,353,10,80,135,108,20,498,39,98,147,133,81
"3709","140420406",1,809,535,14,120,273,111,17,26,2,11,4,8,1,248,61,49,42,42,54,561,16,131,277,119,18,809,77,180,319,161,72
"3710","140420402",1,581,336,7,98,143,77,11,17,2,9,5,1,0,228,31,45,26,44,82,353,9,107,148,78,11,581,40,152,174,122,93
"3711","140420815",1,745,520,31,158,195,116,20,14,4,5,3,2,0,211,43,37,37,29,65,534,35,163,198,118,20,745,78,200,235,147,85
"3712","140980110",1,641,410,19,155,144,78,14,23,4,13,4,0,2,208,37,47,45,37,42,433,23,168,148,78,16,641,60,215,193,115,58
"3713","140420818",1,707,467,7,106,186,136,32,19,0,12,5,1,1,221,44,41,22,42,72,486,7,118,191,137,33,707,51,159,213,179,105
"3714","140980109",1,564,356,3,107,176,58,12,17,2,10,4,1,0,191,36,34,29,16,76,373,5,117,180,59,12,564,41,151,209,75,88
"3715","141610809",1,406,250,3,57,104,72,14,3,0,2,1,0,0,153,25,23,25,26,54,253,3,59,105,72,14,406,28,82,130,98,68
"3716","140420418",1,767,549,34,119,321,60,15,25,4,15,5,1,0,193,70,41,51,17,14,574,38,134,326,61,15,767,108,175,377,78,29
"3717","140420403",1,555,324,5,81,157,64,17,14,2,6,3,2,1,217,38,46,32,28,73,338,7,87,160,66,18,555,45,133,192,94,91
"3718","140980111",1,475,263,13,65,102,71,12,15,0,8,3,3,1,197,28,29,25,27,88,278,13,73,105,74,13,475,41,102,130,101,101
"3719","140420819",1,1056,723,37,216,332,118,20,27,3,14,10,0,0,306,71,65,59,44,67,750,40,230,342,118,20,1056,111,295,401,162,87
"3720","140420816",1,723,495,33,163,197,90,12,35,4,19,9,2,1,193,46,43,33,26,45,530,37,182,206,92,13,723,83,225,239,118,58
"3721","141820203",1,242,153,10,38,67,29,9,2,2,0,0,0,0,87,17,30,16,13,11,155,12,38,67,29,9,242,29,68,83,42,20
"3722","140420407",1,863,573,19,182,240,117,15,27,4,13,7,3,0,263,55,58,40,61,49,600,23,195,247,120,15,863,78,253,287,181,64
"3723","140420404",1,920,531,9,141,226,129,26,21,3,7,10,1,0,368,51,43,43,66,165,552,12,148,236,130,26,920,63,191,279,196,191
"3724","140980114",1,513,303,8,78,115,86,16,12,1,7,2,1,1,198,39,29,28,28,74,315,9,85,117,87,17,513,48,114,145,115,91
"3725","140420419",1,466,399,15,85,224,65,10,8,0,4,3,0,1,59,17,13,9,9,11,407,15,89,227,65,11,466,32,102,236,74,22
"3726","140980112",1,457,249,11,62,89,68,19,5,1,3,1,0,0,203,31,22,20,34,96,254,12,65,90,68,19,457,43,87,110,102,115
"3727","140980113",1,512,268,2,59,108,72,27,8,1,2,4,1,0,236,35,25,17,37,122,276,3,61,112,73,27,512,38,86,129,110,149
"3728","140420408",1,813,521,14,126,248,107,26,26,2,7,7,9,1,266,66,35,44,61,60,547,16,133,255,116,27,813,82,168,299,177,87
"3729","140980117",1,713,387,16,100,175,80,16,21,1,9,6,4,1,305,59,51,44,54,97,408,17,109,181,84,17,713,76,160,225,138,114
"3730","140420405",1,864,526,13,145,197,130,41,25,0,13,9,3,0,313,44,42,30,53,144,551,13,158,206,133,41,864,57,200,236,186,185
"3731","140420409",1,713,446,15,128,197,90,16,21,1,12,6,2,0,246,54,34,41,46,71,467,16,140,203,92,16,713,70,174,244,138,87
"3732","140980116",1,531,275,1,63,128,66,17,8,0,4,4,0,0,248,28,29,18,42,131,283,1,67,132,66,17,531,29,96,150,108,148
"3733","140420411",1,796,501,18,144,201,105,33,26,1,12,9,3,1,269,37,45,25,54,108,527,19,156,210,108,34,796,56,201,235,162,142
"3734","140420306",1,23,15,0,1,11,2,1,1,0,1,0,0,0,7,4,1,1,0,1,16,0,2,11,2,1,23,4,3,12,2,2
"3735","140420410",1,698,398,9,116,185,65,23,20,0,11,6,2,1,280,59,45,25,42,109,418,9,127,191,67,24,698,68,172,216,109,133
"3736","140420415",1,1044,671,40,200,277,137,17,49,1,28,15,4,1,324,66,70,65,66,57,720,41,228,292,141,18,1044,107,298,357,207,75
"3737","140630109",1,618,295,3,73,130,75,14,8,1,4,3,0,0,315,45,41,46,47,136,303,4,77,133,75,14,618,49,118,179,122,150
"3738","140980115",1,635,383,11,91,149,114,18,19,2,9,5,2,1,233,48,48,11,56,70,402,13,100,154,116,19,635,61,148,165,172,89
"3739","140420412",1,701,414,10,121,183,80,20,20,2,10,4,4,0,267,36,51,38,62,80,434,12,131,187,84,20,701,48,182,225,146,100
"3740","140420414",1,598,375,32,119,147,59,18,32,4,10,17,1,0,191,45,32,29,26,59,407,36,129,164,60,18,598,81,161,193,86,77
"3741","141820305",1,80,45,3,14,16,10,2,3,1,1,1,0,0,32,3,10,6,7,6,48,4,15,17,10,2,80,7,25,23,17,8
"3742","140420417",1,548,326,26,105,149,38,8,21,0,9,7,4,1,201,54,34,41,37,35,347,26,114,156,42,9,548,80,148,197,79,44
"3743","140980107",1,35,17,0,0,6,5,6,0,0,0,0,0,0,18,0,2,5,5,6,17,0,0,6,5,6,35,0,2,11,10,12
"3744","141820306",1,137,93,2,31,34,21,5,2,1,1,0,0,0,42,11,14,6,2,9,95,3,32,34,21,5,137,14,46,40,23,14
"3745","140420413",1,887,554,17,195,239,85,18,24,5,10,6,2,1,309,68,66,51,49,75,578,22,205,245,87,19,887,90,271,296,136,94
"3746","140420307",1,413,327,17,91,150,53,16,1,0,1,0,0,0,85,22,27,15,9,12,328,17,92,150,53,16,413,39,119,165,62,28
"3747","140420416",1,496,315,14,105,133,53,10,6,0,3,1,2,0,175,35,38,35,33,34,321,14,108,134,55,10,496,49,146,169,88,44
"3748","140070903",1,40,21,0,11,5,4,1,0,0,0,0,0,0,19,2,3,4,3,7,21,0,11,5,4,1,40,2,14,9,7,8
"3749","140630105",1,41,27,1,2,11,11,2,0,0,0,0,0,0,14,0,2,0,4,8,27,1,2,11,11,2,41,1,4,11,15,10
"3750","140980204",1,104,60,0,14,23,16,7,1,0,0,1,0,0,43,3,10,16,9,5,61,0,14,24,16,7,104,3,24,40,25,12
"3751","140420305",1,128,96,9,29,44,9,5,3,0,2,0,1,0,29,5,11,2,4,7,99,9,31,44,10,5,128,14,42,46,14,12
"3752","140980201",1,20,13,0,1,8,2,2,0,0,0,0,0,0,7,0,0,5,1,1,13,0,1,8,2,2,20,0,1,13,3,3
"3753","140980202",1,80,51,2,8,20,16,5,1,0,1,0,0,0,28,2,6,9,8,3,52,2,9,20,16,5,80,4,15,29,24,8
"3754","140980203",1,189,115,6,29,53,24,3,2,0,1,1,0,0,72,15,10,19,9,19,117,6,30,54,24,3,189,21,40,73,33,22
"3755","140420312",1,297,165,7,52,51,39,16,4,0,3,0,1,0,128,12,26,10,30,50,169,7,55,51,40,16,297,19,81,61,70,66
"3756","140420313",1,976,568,14,137,227,140,50,24,3,8,8,4,1,384,54,56,36,73,165,592,17,145,235,144,51,976,71,201,271,217,216
"3757","141610501",1,53,38,1,7,17,13,0,0,0,0,0,0,0,15,3,3,5,3,1,38,1,7,17,13,0,53,4,10,22,16,1
"3758","140420314",1,934,589,12,150,272,144,11,18,1,9,5,3,0,327,66,56,40,61,104,607,13,159,277,147,11,934,79,215,317,208,115
"3759","140070907",1,33,23,2,9,7,2,3,0,0,0,0,0,0,10,0,2,1,1,6,23,2,9,7,2,3,33,2,11,8,3,9
"3760","140420502",1,60,39,2,9,18,9,1,0,0,0,0,0,0,21,2,10,5,4,0,39,2,9,18,9,1,60,4,19,23,13,1
"3761","140630106",1,80,48,4,12,20,8,4,0,0,0,0,0,0,32,2,7,13,7,3,48,4,12,20,8,4,80,6,19,33,15,7
"3762","140420501",1,66,46,1,22,15,8,0,0,0,0,0,0,0,20,5,6,1,6,2,46,1,22,15,8,0,66,6,28,16,14,2
"3763","140630107",1,45,34,2,8,12,8,4,0,0,0,0,0,0,11,1,3,2,3,2,34,2,8,12,8,4,45,3,11,14,11,6
"3764","141610410",1,146,98,2,34,51,9,2,4,0,1,3,0,0,44,15,16,9,3,1,102,2,35,54,9,2,146,17,51,63,12,3
"3765","140070904",1,525,285,15,59,102,81,28,8,0,3,3,2,0,232,40,36,23,41,92,293,15,62,105,83,28,525,55,98,128,124,120
"3766","140070908",1,224,134,8,42,54,29,1,9,0,3,3,1,2,81,7,14,16,15,29,143,8,45,57,30,3,224,15,59,73,45,32
"3767","140070906",1,53,31,1,8,10,9,3,0,0,0,0,0,0,22,1,4,6,3,8,31,1,8,10,9,3,53,2,12,16,12,11
"3768","140070905",1,33,22,0,5,11,4,2,0,0,0,0,0,0,11,2,1,5,2,1,22,0,5,11,4,2,33,2,6,16,6,3
"3769","141820204",1,87,51,2,14,27,8,0,0,0,0,0,0,0,36,6,7,9,6,8,51,2,14,27,8,0,87,8,21,36,14,8
"3770","140980207",1,43,26,1,5,11,4,5,2,0,2,0,0,0,15,2,5,3,4,1,28,1,7,11,4,5,43,3,12,14,8,6
"3771","141610503",1,208,119,2,29,52,24,12,5,0,5,0,0,0,84,13,13,26,11,21,124,2,34,52,24,12,208,15,47,78,35,33
"3772","140420510",1,416,239,7,60,111,49,12,10,0,6,3,1,0,167,30,31,29,24,53,249,7,66,114,50,12,416,37,97,143,74,65
"3773","140420503",1,44,28,0,10,11,6,1,2,0,1,1,0,0,14,4,4,3,1,2,30,0,11,12,6,1,44,4,15,15,7,3
"3774","141610504",1,64,41,2,10,19,8,2,0,0,0,0,0,0,23,4,4,6,3,6,41,2,10,19,8,2,64,6,14,25,11,8
"3775","140980209",1,427,256,5,71,103,58,19,5,0,2,1,2,0,166,27,38,22,21,58,261,5,73,104,60,19,427,32,111,126,81,77
"3776","140980208",1,551,315,5,64,137,74,35,4,0,1,1,1,1,232,31,31,21,20,129,319,5,65,138,75,36,551,36,96,159,95,165
"3777","141820208",1,463,253,5,58,113,56,21,5,0,5,0,0,0,205,38,34,30,35,68,258,5,63,113,56,21,463,43,97,143,91,89
"3778","140420504",1,108,83,4,34,26,15,4,0,0,0,0,0,0,25,9,10,2,4,0,83,4,34,26,15,4,108,13,44,28,19,4
"3779","141820209",1,677,375,14,88,166,76,31,10,1,3,4,2,0,292,47,69,45,56,75,385,15,91,170,78,31,677,62,160,215,134,106
"3780","141820207",1,643,368,7,89,166,95,11,21,1,13,6,1,0,254,49,49,38,53,65,389,8,102,172,96,11,643,57,151,210,149,76
"3781","140980211",1,773,493,13,115,234,113,18,15,2,7,4,1,1,265,62,69,31,31,72,508,15,122,238,114,19,773,77,191,269,145,91
"3782","140980205",1,86,57,1,19,15,17,5,0,0,0,0,0,0,29,6,8,7,6,2,57,1,19,15,17,5,86,7,27,22,23,7
"3783","141820211",1,637,332,16,92,145,65,14,10,1,3,5,1,0,295,48,54,51,42,100,342,17,95,150,66,14,637,65,149,201,108,114
"3784","140980206",1,42,27,0,7,12,6,2,0,0,0,0,0,0,15,1,3,4,3,4,27,0,7,12,6,2,42,1,10,16,9,6
"3785","141820210",1,603,304,7,80,138,65,14,19,3,7,6,2,1,280,38,48,46,53,95,323,10,87,144,67,15,603,48,135,190,120,110
"3786","140980210",1,585,313,4,70,145,66,28,36,8,7,13,6,2,236,28,21,34,43,110,349,12,77,158,72,30,585,40,98,192,115,140
"3787","140980601",1,53,36,1,8,9,13,5,1,0,0,0,1,0,16,3,4,3,2,4,37,1,8,9,14,5,53,4,12,12,16,9
"3788","140630108",1,43,24,0,4,12,6,2,1,0,0,1,0,0,18,2,7,3,4,2,25,0,4,13,6,2,43,2,11,16,10,4
"3789","140420505",1,72,43,1,13,18,11,0,1,0,0,1,0,0,28,11,4,6,4,3,44,1,13,19,11,0,72,12,17,25,15,3
"3790","140420506",1,78,51,2,21,14,12,2,2,0,1,1,0,0,25,5,8,10,2,0,53,2,22,15,12,2,78,7,30,25,14,2
"3791","141820212",1,410,215,6,72,79,48,10,6,0,3,1,2,0,189,35,34,32,35,53,221,6,75,80,50,10,410,41,109,112,85,63
"3792","141610502",1,67,43,1,9,15,17,1,0,0,0,0,0,0,24,5,1,6,9,3,43,1,9,15,17,1,67,6,10,21,26,4
"3793","141820307",1,756,470,10,114,194,123,29,12,1,8,2,1,0,274,32,40,36,52,114,482,11,122,196,124,29,756,43,162,232,176,143
"3794","140980602",1,143,102,1,24,45,20,12,1,0,1,0,0,0,40,8,9,7,7,9,103,1,25,45,20,12,143,9,34,52,27,21
"3795","140980302",1,59,37,2,11,15,7,2,0,0,0,0,0,0,22,4,3,11,3,1,37,2,11,15,7,2,59,6,14,26,10,3
"3796","140980301",1,42,35,2,3,17,7,6,0,0,0,0,0,0,7,0,3,1,1,2,35,2,3,17,7,6,42,2,6,18,8,8
"3797","141820308",1,582,319,7,71,134,87,20,16,1,4,5,6,0,247,39,45,30,43,90,335,8,75,139,93,20,582,47,120,169,136,110
"3798","141820309",1,393,218,4,46,88,70,10,12,0,7,4,1,0,163,21,18,11,38,75,230,4,53,92,71,10,393,25,71,103,109,85
"3799","141610412",1,592,358,11,113,153,70,11,8,0,1,3,3,1,226,40,32,34,39,81,366,11,114,156,73,12,592,51,146,190,112,93
"3800","141820310",1,892,552,28,135,218,123,48,22,1,5,10,5,1,318,56,48,55,64,95,574,29,140,228,128,49,892,85,188,283,192,144
"3801","141610413",1,555,318,13,97,136,60,12,13,2,5,4,1,1,224,34,43,34,39,74,331,15,102,140,61,13,555,49,145,174,100,87
"3802","140420511",1,403,202,9,40,94,50,9,8,0,1,3,4,0,193,37,35,20,30,71,210,9,41,97,54,9,403,46,76,117,84,80
"3803","140630201",1,73,46,0,8,18,12,8,0,0,0,0,0,0,27,4,5,8,7,3,46,0,8,18,12,8,73,4,13,26,19,11
"3804","141820401",1,103,64,5,22,23,12,2,0,0,0,0,0,0,39,10,7,8,7,7,64,5,22,23,12,2,103,15,29,31,19,9
"3805","141820801",1,552,347,15,90,155,71,16,21,2,11,7,1,0,184,43,38,28,24,51,368,17,101,162,72,16,552,60,139,190,96,67
"3806","141820404",1,82,50,1,12,25,6,6,5,1,0,3,1,0,27,6,5,3,3,10,55,2,12,28,7,6,82,8,17,31,10,16
"3807","141820408",1,291,150,12,57,56,19,6,10,0,6,2,2,0,131,29,19,24,31,28,160,12,63,58,21,6,291,41,82,82,52,34
"3808","141820403",1,193,118,2,22,59,25,10,7,0,4,2,1,0,68,7,14,12,15,20,125,2,26,61,26,10,193,9,40,73,41,30
"3809","141820802",1,610,414,25,107,198,74,10,13,0,6,7,0,0,183,49,49,23,26,36,427,25,113,205,74,10,610,74,162,228,100,46
"3810","141820402",1,258,196,6,41,112,23,14,3,0,2,0,1,0,59,14,16,12,6,11,199,6,43,112,24,14,258,20,59,124,30,25
"3811","141820901",1,713,479,14,87,270,101,7,22,0,14,6,2,0,212,58,24,35,42,53,501,14,101,276,103,7,713,72,125,311,145,60
"3812","141820902",1,888,573,22,164,245,127,15,52,2,34,10,4,2,263,71,38,45,50,59,625,24,198,255,131,17,888,95,236,300,181,76
"3813","141820803",1,740,493,19,136,226,101,11,33,1,13,13,5,1,214,52,55,35,32,40,526,20,149,239,106,12,740,72,204,274,138,52
"3814","141820805",1,741,464,3,98,221,127,15,20,2,13,2,3,0,257,46,39,27,44,101,484,5,111,223,130,15,741,51,150,250,174,116
"3815","141610505",1,104,74,6,24,26,12,6,1,0,0,1,0,0,29,0,13,8,5,3,75,6,24,27,12,6,104,6,37,35,17,9
"3816","141820806",1,856,562,12,109,294,131,16,29,1,22,4,2,0,265,83,61,33,33,55,591,13,131,298,133,16,856,96,192,331,166,71
"3817","141820905",1,601,373,11,102,177,70,13,17,3,7,4,1,2,211,56,39,30,37,49,390,14,109,181,71,15,601,70,148,211,108,64
"3818","141820903",1,777,463,22,121,211,101,8,43,3,16,20,4,0,271,60,65,59,40,47,506,25,137,231,105,8,777,85,202,290,145,55
"3819","141820804",1,535,334,4,65,156,77,32,17,0,12,3,2,0,184,34,15,20,33,82,351,4,77,159,79,32,535,38,92,179,112,114
"3820","141820904",1,518,316,6,98,129,69,14,8,2,3,2,1,0,194,27,33,31,39,64,324,8,101,131,70,14,518,35,134,162,109,78
"3821","141820906",1,531,319,1,70,143,82,23,13,0,8,3,2,0,199,35,34,17,25,88,332,1,78,146,84,23,531,36,112,163,109,111
"3822","140420508",1,194,139,9,53,45,26,6,5,2,1,1,1,0,50,6,18,16,3,7,144,11,54,46,27,6,194,17,72,62,30,13
"3823","140630202",1,166,112,4,23,46,30,9,1,0,1,0,0,0,53,13,11,18,5,6,113,4,24,46,30,9,166,17,35,64,35,15
"3824","141820807",1,479,272,3,37,121,87,24,3,0,2,1,0,0,204,28,32,18,43,83,275,3,39,122,87,24,479,31,71,140,130,107
"3825","141820908",1,902,532,16,164,237,105,10,26,4,12,8,2,0,344,64,71,59,71,79,558,20,176,245,107,10,902,84,247,304,178,89
"3826","141820810",1,681,401,9,62,197,103,30,10,0,7,2,1,0,270,42,28,21,34,145,411,9,69,199,104,30,681,51,97,220,138,175
"3827","141820809",1,749,446,2,78,191,127,48,7,0,4,1,1,1,296,51,40,23,41,141,453,2,82,192,128,49,749,53,122,215,169,190
"3828","140980604",1,90,69,0,10,23,22,14,1,0,1,0,0,0,20,0,3,3,5,9,70,0,11,23,22,14,90,0,14,26,27,23
"3829","141820907",1,568,337,7,76,143,88,23,20,7,7,3,3,0,211,43,22,29,37,80,357,14,83,146,91,23,568,57,105,175,128,103
"3830","140980605",1,79,49,4,5,25,11,4,1,0,0,1,0,0,29,4,2,3,10,10,50,4,5,26,11,4,79,8,7,29,21,14
"3831","141820808",1,385,213,0,43,98,53,19,6,0,3,3,0,0,166,27,22,11,25,81,219,0,46,101,53,19,385,27,68,112,78,100
"3832","141820909",1,787,471,22,143,208,88,10,31,1,18,11,1,0,285,52,73,50,57,53,502,23,161,219,89,10,787,75,234,269,146,63
"3833","141820910",1,831,498,5,105,228,131,29,19,0,12,2,3,2,314,40,42,37,48,147,517,5,117,230,134,31,831,45,159,267,182,178
"3834","141820911",1,607,335,1,78,143,85,28,13,0,6,4,3,0,259,31,17,15,43,153,348,1,84,147,88,28,607,32,101,162,131,181
"3835","141820405",1,82,45,3,14,13,10,5,0,0,0,0,0,0,37,4,11,10,8,4,45,3,14,13,10,5,82,7,25,23,18,9
"3836","141820811",1,434,265,3,52,119,60,31,5,0,2,1,1,1,164,12,22,6,31,93,270,3,54,120,61,32,434,15,76,126,92,125
"3837","141820812",1,253,135,2,26,50,45,12,1,0,1,0,0,0,117,8,16,8,14,71,136,2,27,50,45,12,253,10,43,58,59,83
"3838","140420509",1,150,107,4,34,43,23,3,0,0,0,0,0,0,43,10,10,12,5,6,107,4,34,43,23,3,150,14,44,55,28,9
"3839","141821101",1,338,214,0,46,117,43,8,15,1,7,3,4,0,109,21,19,9,23,37,229,1,53,120,47,8,338,22,72,129,70,45
"3840","141821102",1,508,303,4,64,119,90,26,6,0,1,3,1,1,199,22,20,13,29,115,309,4,65,122,91,27,508,26,85,135,120,142
"3841","141821004",1,725,473,34,108,198,106,27,26,4,9,12,1,0,226,48,33,41,56,48,499,38,117,210,107,27,725,86,150,251,163,75
"3842","141821003",1,479,310,4,82,124,88,12,4,0,2,2,0,0,165,25,23,17,28,72,314,4,84,126,88,12,479,29,107,143,116,84
"3843","141821002",1,664,385,3,75,174,97,36,7,0,6,1,0,0,272,49,42,27,43,111,392,3,81,175,97,36,664,52,123,202,140,147
"3844","141821001",1,470,257,3,35,117,73,29,5,0,4,1,0,0,208,29,30,17,24,108,262,3,39,118,73,29,470,32,69,135,97,137
"3845","141821104",1,443,246,1,33,121,77,14,8,0,5,3,0,0,189,16,21,19,33,100,254,1,38,124,77,14,443,17,59,143,110,114
"3846","141821103",1,364,194,0,34,93,60,7,6,0,3,3,0,0,164,30,17,16,30,71,200,0,37,96,60,7,364,30,54,112,90,78
"3847","141821108",1,697,409,15,110,183,84,17,41,2,29,7,3,0,247,44,47,40,60,56,450,17,139,190,87,17,697,61,186,230,147,73
"3848","141820409",1,542,305,6,73,149,60,17,18,2,9,6,1,0,219,30,35,23,36,95,323,8,82,155,61,17,542,38,117,178,97,112
"3849","141821005",1,428,252,9,73,112,51,7,18,1,12,3,2,0,158,39,34,31,18,36,270,10,85,115,53,7,428,49,119,146,71,43
"3850","141821107",1,465,290,5,57,127,78,23,17,0,10,5,2,0,158,23,25,6,24,80,307,5,67,132,80,23,465,28,92,138,104,103
"3851","141820410",1,547,334,12,85,135,86,16,12,1,7,2,2,0,201,34,47,21,46,53,346,13,92,137,88,16,547,47,139,158,134,69
"3852","141820411",1,710,423,14,98,185,94,32,12,1,7,2,2,0,275,30,40,31,43,131,435,15,105,187,96,32,710,45,145,218,139,163
"3853","141821106",1,687,426,10,103,184,92,37,27,1,10,11,4,1,234,43,37,25,36,93,453,11,113,195,96,38,687,54,150,220,132,131
"3854","141821007",1,614,362,9,92,145,85,31,14,3,7,3,1,0,238,18,30,18,35,137,376,12,99,148,86,31,614,30,129,166,121,168
"3855","141821006",1,538,318,8,90,156,52,12,32,1,17,9,5,0,188,47,24,25,29,63,350,9,107,165,57,12,538,56,131,190,86,75
"3856","141821008",1,395,245,8,56,99,53,29,5,0,2,2,1,0,145,12,17,12,27,77,250,8,58,101,54,29,395,20,75,113,81,106
"3857","141821105",1,381,247,2,60,101,64,20,5,0,2,1,2,0,129,20,12,10,17,70,252,2,62,102,66,20,381,22,74,112,83,90
"3858","141821109",1,1003,633,40,217,275,88,13,57,3,35,14,5,0,313,71,76,62,55,49,690,43,252,289,93,13,1003,114,328,351,148,62
"3859","141821010",1,780,468,25,121,210,98,14,33,3,18,12,0,0,279,53,52,51,38,85,501,28,139,222,98,14,780,81,191,273,136,99
"3860","140980402",1,123,68,3,21,25,13,6,2,0,0,0,2,0,53,12,10,20,3,8,70,3,21,25,15,6,123,15,31,45,18,14
"3861","141820412",1,507,304,14,100,124,50,16,19,4,3,6,5,1,184,39,38,39,25,43,323,18,103,130,55,17,507,57,141,169,80,60
"3862","141821009",1,658,386,12,82,166,101,25,16,1,11,2,2,0,256,43,34,21,35,123,402,13,93,168,103,25,658,56,127,189,138,148
"3863","141821110",1,816,483,16,114,236,100,17,10,2,4,3,0,1,323,37,45,43,70,128,493,18,118,239,100,18,816,55,163,282,170,146
"3864","140980606",1,118,71,0,19,34,14,4,1,0,0,0,1,0,46,9,8,7,9,13,72,0,19,34,15,4,118,9,27,41,24,17
"3865","140420517",1,763,405,8,93,197,84,23,18,1,5,9,2,1,340,73,52,52,55,108,423,9,98,206,86,24,763,82,150,258,141,132
"3866","140980609",1,76,50,0,4,18,20,8,0,0,0,0,0,0,26,5,3,3,3,12,50,0,4,18,20,8,76,5,7,21,23,20
"3867","140980603",1,106,74,0,20,28,20,6,1,0,0,0,1,0,31,2,10,8,9,2,75,0,20,28,21,6,106,2,30,36,30,8
"3868","140980607",1,162,115,5,25,49,24,12,3,0,1,1,1,0,44,8,7,9,5,15,118,5,26,50,25,12,162,13,33,59,30,27
"3869","140630203",1,70,41,1,13,15,10,2,0,0,0,0,0,0,29,6,8,7,5,3,41,1,13,15,10,2,70,7,21,22,15,5
"3870","140980608",1,220,151,12,36,60,31,12,2,0,2,0,0,0,67,9,11,9,13,25,153,12,38,60,31,12,220,21,49,69,44,37
"3871","140631001",1,448,266,19,91,87,58,11,21,2,12,5,1,1,161,32,45,29,22,33,287,21,103,92,59,12,448,53,148,121,81,45
"3872","140980401",1,53,32,1,11,9,9,2,0,0,0,0,0,0,21,1,6,3,8,3,32,1,11,9,9,2,53,2,17,12,17,5
"3873","140980303",1,32,23,0,3,7,11,2,1,0,1,0,0,0,8,1,3,2,2,0,24,0,4,7,11,2,32,1,7,9,13,2
"3874","140631002",1,725,451,10,118,190,103,30,16,3,5,2,3,3,258,57,40,32,37,92,467,13,123,192,106,33,725,70,163,224,143,125
"3875","140631003",1,824,458,9,110,209,107,23,13,1,6,4,2,0,353,42,59,38,63,151,471,10,116,213,109,23,824,52,175,251,172,174
"3876","140631013",1,928,579,31,175,236,111,26,19,5,5,8,1,0,330,75,63,55,42,95,598,36,180,244,112,26,928,111,243,299,154,121
"3877","140631009",1,567,302,4,67,129,78,24,3,0,2,0,0,1,262,41,25,22,41,133,305,4,69,129,78,25,567,45,94,151,119,158
"3878","140980701",1,59,33,3,3,18,6,3,0,0,0,0,0,0,26,1,4,6,8,7,33,3,3,18,6,3,59,4,7,24,14,10
"3879","141610506",1,534,339,18,105,124,81,11,23,3,14,3,3,0,172,25,35,43,30,39,362,21,119,127,84,11,534,46,154,170,114,50
"3880","140631008",1,491,306,6,55,134,75,36,9,0,4,3,2,0,176,14,25,23,30,84,315,6,59,137,77,36,491,20,84,160,107,120
"3881","140631004",1,571,365,11,74,173,86,21,18,2,13,2,1,0,188,51,38,22,28,49,383,13,87,175,87,21,571,64,125,197,115,70
"3882","140631007",1,870,557,20,136,248,121,32,35,3,12,13,5,2,278,60,45,27,44,102,592,23,148,261,126,34,870,83,193,288,170,136
"3883","141610512",1,509,308,12,65,134,69,28,16,3,7,3,3,0,185,29,27,28,26,75,324,15,72,137,72,28,509,44,99,165,98,103
"3884","141610507",1,819,477,3,115,207,109,43,27,1,13,5,8,0,315,64,55,41,49,106,504,4,128,212,117,43,819,68,183,253,166,149
"3885","140631006",1,571,342,1,66,133,105,37,8,0,5,2,1,0,221,20,27,22,49,103,350,1,71,135,106,37,571,21,98,157,155,140
"3886","140420514",1,614,380,7,111,157,75,30,5,1,3,0,1,0,229,46,32,24,38,89,385,8,114,157,76,30,614,54,146,181,114,119
"3887","140631005",1,405,192,0,34,96,44,18,14,0,6,4,3,1,199,27,24,24,44,80,206,0,40,100,47,19,405,27,64,124,91,99
"3888","140420512",1,533,384,24,122,174,55,9,7,2,3,1,1,0,142,41,32,22,17,30,391,26,125,175,56,9,533,67,157,197,73,39
"3889","140631010",1,515,309,9,72,129,68,31,5,0,2,3,0,0,201,30,24,32,22,93,314,9,74,132,68,31,515,39,98,164,90,124
"3890","140560101",1,149,83,0,27,36,17,3,2,1,0,1,0,0,64,12,20,19,8,5,85,1,27,37,17,3,149,13,47,56,25,8
"3891","140560201",1,96,56,2,14,24,13,3,2,0,0,2,0,0,38,6,8,8,4,12,58,2,14,26,13,3,96,8,22,34,17,15
"3892","140420513",1,507,314,8,98,120,76,12,20,1,7,10,2,0,173,30,26,17,32,68,334,9,105,130,78,12,507,39,131,147,110,80
"3893","140631011",1,488,287,4,70,121,63,29,4,0,4,0,0,0,197,18,26,15,33,105,291,4,74,121,63,29,488,22,100,136,96,134
"3894","141610510",1,424,231,2,51,106,53,19,4,0,2,1,1,0,189,24,18,22,32,93,235,2,53,107,54,19,424,26,71,129,86,112
"3895","141610508",1,449,253,6,56,117,58,16,8,0,3,5,0,0,188,26,21,24,35,82,261,6,59,122,58,16,449,32,80,146,93,98
"3896","140631012",1,812,507,19,137,194,127,30,20,4,12,4,0,0,285,46,51,29,38,121,527,23,149,198,127,30,812,69,200,227,165,151
"3897","141610511",1,545,326,5,79,150,68,24,21,2,9,8,1,1,198,34,29,26,27,82,347,7,88,158,69,25,545,41,117,184,96,107
"3898","141610509",1,560,370,12,104,184,61,9,20,2,11,6,1,0,170,50,31,34,17,38,390,14,115,190,62,9,560,64,146,224,79,47
"3899","140560202",1,42,26,0,6,7,7,6,2,0,1,0,1,0,14,2,2,5,2,3,28,0,7,7,8,6,42,2,9,12,10,9
"3900","140630208",1,72,43,0,8,19,13,3,0,0,0,0,0,0,29,4,10,8,3,4,43,0,8,19,13,3,72,4,18,27,16,7
"3901","140420507",1,104,78,0,48,22,8,0,0,0,0,0,0,0,26,6,9,7,3,1,78,0,48,22,8,0,104,6,57,29,11,1
"3902","140631101",1,960,683,30,215,322,109,7,27,1,14,9,1,2,250,63,54,54,35,44,710,31,229,331,110,9,960,94,283,385,145,53
"3903","140631102",1,756,525,13,141,271,86,14,18,2,8,4,3,1,213,60,33,37,35,48,543,15,149,275,89,15,756,75,182,312,124,63
"3904","140631104",1,656,411,14,114,183,81,19,14,2,5,5,2,0,231,43,33,35,47,73,425,16,119,188,83,19,656,59,152,223,130,92
"3905","140630205",1,41,30,1,10,8,8,3,0,0,0,0,0,0,11,0,3,3,1,4,30,1,10,8,8,3,41,1,13,11,9,7
"3906","140631106",1,437,246,3,40,109,75,19,4,1,1,1,0,1,187,21,26,18,33,89,250,4,41,110,75,20,437,25,67,128,108,109
"3907","140631108",1,558,408,14,107,191,85,11,6,1,4,1,0,0,144,38,26,16,20,44,414,15,111,192,85,11,558,53,137,208,105,55
"3908","140631103",1,562,378,11,112,162,87,6,11,0,7,2,1,1,173,55,38,27,25,28,389,11,119,164,88,7,562,66,157,191,113,35
"3909","140631105",1,845,522,3,103,229,130,57,11,1,4,5,1,0,312,43,52,25,58,134,533,4,107,234,131,57,845,47,159,259,189,191
"3910","140630301",1,31,20,0,10,7,2,1,1,1,0,0,0,0,10,2,5,2,1,0,21,1,10,7,2,1,31,3,15,9,3,1
"3911","140421001",1,124,90,9,37,31,11,2,0,0,0,0,0,0,34,5,14,8,4,3,90,9,37,31,11,2,124,14,51,39,15,5
"3912","140631107",1,584,400,7,79,210,86,18,9,1,4,3,1,0,175,47,36,24,30,38,409,8,83,213,87,18,584,55,119,237,117,56
"3913","140421002",1,113,76,4,24,28,15,5,4,0,2,2,0,0,33,10,6,8,5,4,80,4,26,30,15,5,113,14,32,38,20,9
"3914","140631116",1,867,563,24,128,255,114,42,17,1,7,8,1,0,287,41,40,24,48,134,580,25,135,263,115,42,867,66,175,287,163,176
"3915","140631115",1,500,333,7,58,145,73,50,7,1,3,1,2,0,160,18,12,17,22,91,340,8,61,146,75,50,500,26,73,163,97,141
"3916","140631114",1,481,278,1,54,113,65,45,4,0,2,1,1,0,199,30,18,7,31,113,282,1,56,114,66,45,481,31,74,121,97,158
"3917","140980501",1,44,24,1,8,7,7,1,0,0,0,0,0,0,20,4,2,4,7,3,24,1,8,7,7,1,44,5,10,11,14,4
"3918","140631113",1,642,376,7,54,170,85,60,8,0,4,4,0,0,258,37,34,21,37,129,384,7,58,174,85,60,642,44,92,195,122,189
"3919","140631112",1,295,140,0,31,55,42,12,3,1,2,0,0,0,152,7,14,10,17,104,143,1,33,55,42,12,295,8,47,65,59,116
"3920","140631111",1,531,302,7,55,127,76,37,8,0,4,3,0,1,221,21,26,14,36,124,310,7,59,130,76,38,531,28,85,144,112,162
"3921","140631109",1,511,339,11,54,181,81,12,6,1,2,1,2,0,166,45,47,23,22,29,345,12,56,182,83,12,511,57,103,205,105,41
"3922","140631110",1,852,616,25,116,304,149,22,14,1,7,3,2,1,222,57,44,27,32,62,630,26,123,307,151,23,852,83,167,334,183,85
"3923","141820407",1,95,58,2,17,22,11,6,1,0,1,0,0,0,36,4,4,12,7,9,59,2,18,22,11,6,95,6,22,34,18,15
"3924","140631201",1,528,383,8,96,182,79,18,9,2,3,4,0,0,136,33,29,23,18,33,392,10,99,186,79,18,528,43,128,209,97,51
"3925","140631202",1,465,267,4,76,105,72,10,3,0,1,2,0,0,195,21,25,21,35,93,270,4,77,107,72,10,465,25,102,128,107,103
"3926","141820406",1,145,88,3,28,27,23,7,1,0,1,0,0,0,56,2,17,15,10,12,89,3,29,27,23,7,145,5,46,42,33,19
"3927","140631203",1,580,316,4,60,137,84,31,16,1,6,4,5,0,248,38,31,33,34,112,332,5,66,141,89,31,580,43,97,174,123,143
"3928","140980304",1,552,293,10,68,129,72,14,14,4,3,4,3,0,245,40,27,25,55,98,307,14,71,133,75,14,552,54,98,158,130,112
"3929","140631204",1,318,209,4,51,80,48,26,2,0,0,2,0,0,107,10,11,10,17,59,211,4,51,82,48,26,318,14,62,92,65,85
"3930","140631209",1,881,626,28,214,213,139,32,23,3,11,5,3,1,232,41,50,43,36,62,649,31,225,218,142,33,881,72,275,261,178,95
"3931","140980305",1,774,448,15,128,179,115,11,15,2,9,3,1,0,311,62,52,42,59,96,463,17,137,182,116,11,774,79,189,224,175,107
"3932","140631205",1,797,508,7,86,237,142,36,17,2,8,6,0,1,272,59,38,31,41,103,525,9,94,243,142,37,797,68,132,274,183,140
"3933","140560204",1,469,286,4,92,118,61,11,18,4,7,4,3,0,165,17,25,23,36,64,304,8,99,122,64,11,469,25,124,145,100,75
"3934","140631207",1,655,409,8,98,159,108,36,11,3,4,4,0,0,235,32,32,13,47,111,420,11,102,163,108,36,655,43,134,176,155,147
"3935","140631208",1,582,341,3,87,145,87,19,16,0,8,5,3,0,225,37,27,16,33,112,357,3,95,150,90,19,582,40,122,166,123,131
"3936","140631210",1,947,623,28,237,230,118,10,33,5,15,11,1,1,291,73,64,53,57,44,656,33,252,241,119,11,947,106,316,294,176,55
"3937","140630204",1,72,44,3,10,22,7,2,0,0,0,0,0,0,28,4,7,8,2,7,44,3,10,22,7,2,72,7,17,30,9,9
"3938","140631211",1,686,428,18,123,193,81,13,30,3,15,9,3,0,228,43,52,31,39,63,458,21,138,202,84,13,686,64,190,233,123,76
"3939","140631206",1,731,440,9,117,189,108,17,25,3,10,7,5,0,266,44,37,32,52,101,465,12,127,196,113,17,731,56,164,228,165,118
"3940","140630207",1,73,39,4,6,13,12,4,0,0,0,0,0,0,34,3,7,11,4,9,39,4,6,13,12,4,73,7,13,24,16,13
"3941","140631212",1,721,463,21,125,172,114,31,19,1,8,5,5,0,239,46,29,36,44,84,482,22,133,177,119,31,721,68,162,213,163,115
"3942","140631213",1,628,378,8,108,162,85,15,19,2,9,5,2,1,231,47,39,28,45,72,397,10,117,167,87,16,628,57,156,195,132,88
"3943","140631216",1,742,515,18,133,278,82,4,35,8,9,13,3,2,192,56,42,35,29,30,550,26,142,291,85,6,742,82,184,326,114,36
"3944","140630209",1,51,37,0,8,15,10,4,0,0,0,0,0,0,14,0,5,4,2,3,37,0,8,15,10,4,51,0,13,19,12,7
"3945","140631214",1,837,553,18,158,212,132,33,13,1,7,2,3,0,271,60,47,46,38,80,566,19,165,214,135,33,837,79,212,260,173,113
"3946","140980307",1,460,204,1,38,91,53,21,5,3,1,1,0,0,251,29,29,21,42,130,209,4,39,92,53,21,460,33,68,113,95,151
"3947","140980309",1,487,259,5,67,121,59,7,10,0,2,5,2,1,218,28,48,29,33,80,269,5,69,126,61,8,487,33,117,155,94,88
"3948","140631215",1,840,576,29,177,231,116,23,38,1,23,10,2,2,226,54,37,31,30,74,614,30,200,241,118,25,840,84,237,272,148,99
"3949","140980702",1,120,77,4,12,39,18,4,5,0,2,1,2,0,38,5,7,4,9,13,82,4,14,40,20,4,120,9,21,44,29,17
"3950","140980306",1,695,336,4,86,136,71,39,11,2,5,1,2,1,348,33,42,34,75,164,347,6,91,137,73,40,695,39,133,171,148,204
"3951","140980310",1,459,254,8,63,123,48,12,10,2,4,2,1,1,195,40,26,38,28,63,264,10,67,125,49,13,459,50,93,163,77,76
"3952","140560211",1,839,561,15,126,241,133,46,18,1,7,8,2,0,260,49,39,29,35,108,579,16,133,249,135,46,839,65,172,278,170,154
"3953","141820205",1,71,44,3,11,18,6,6,0,0,0,0,0,0,27,3,6,6,3,9,44,3,11,18,6,6,71,6,17,24,9,15
"3954","140980308",1,659,331,3,68,171,74,15,7,0,4,2,1,0,321,39,52,34,56,140,338,3,72,173,75,15,659,42,124,207,131,155
"3955","140560206",1,718,446,9,131,181,94,31,23,0,16,3,4,0,249,39,45,38,33,94,469,9,147,184,98,31,718,48,192,222,131,125
"3956","140980403",1,61,39,0,13,10,13,3,0,0,0,0,0,0,22,1,4,7,6,4,39,0,13,10,13,3,61,1,17,17,19,7
"3957","140560207",1,322,197,7,29,85,41,35,1,0,1,0,0,0,124,14,11,8,13,78,198,7,30,85,41,35,322,21,41,93,54,113
"3958","140420515",1,477,305,16,83,128,61,17,3,0,2,1,0,0,169,31,30,14,29,65,308,16,85,129,61,17,477,47,115,143,90,82
"3959","140420516",1,471,278,8,70,108,65,27,13,1,6,5,1,0,180,32,27,20,36,65,291,9,76,113,66,27,471,41,103,133,102,92
"3960","140980311",1,621,351,6,74,203,61,7,24,3,11,10,0,0,246,59,40,49,38,60,375,9,85,213,61,7,621,68,125,262,99,67
"3961","140560205",1,884,582,14,179,251,126,12,36,6,19,4,7,0,266,71,59,40,38,58,618,20,198,255,133,12,884,91,257,295,171,70
"3962","140560212",1,862,569,13,172,234,127,23,30,1,12,10,7,0,263,58,58,32,45,70,599,14,184,244,134,23,862,72,242,276,179,93
"3963","140560213",1,1172,830,24,150,576,74,6,22,4,9,8,1,0,320,120,76,92,19,13,852,28,159,584,75,6,1172,148,235,676,94,19
"3964","140560208",1,500,289,3,62,127,75,22,7,0,5,1,0,1,204,27,25,24,36,92,296,3,67,128,75,23,500,30,92,152,111,115
"3965","140560210",1,819,477,7,135,221,96,18,14,0,6,5,3,0,328,56,67,41,55,109,491,7,141,226,99,18,819,63,208,267,154,127
"3966","140560209",1,595,404,11,124,182,67,20,16,1,6,3,5,1,175,32,42,22,27,52,420,12,130,185,72,21,595,44,172,207,99,73
"3967","140560214",1,1278,852,29,252,423,138,10,41,5,22,9,5,0,385,124,114,65,33,49,893,34,274,432,143,10,1278,158,388,497,176,59
"3968","140630212",1,801,468,5,125,185,115,38,14,0,7,7,0,0,319,47,39,48,54,131,482,5,132,192,115,38,801,52,171,240,169,169
"3969","140630213",1,586,376,11,110,153,75,27,6,0,2,2,2,0,204,31,27,25,28,93,382,11,112,155,77,27,586,42,139,180,105,120
"3970","140980404",1,49,44,1,12,12,13,6,0,0,0,0,0,0,5,0,1,1,1,2,44,1,12,12,13,6,49,1,13,13,14,8
"3971","140630214",1,466,294,16,62,127,62,27,15,0,11,3,0,1,157,23,18,16,25,75,309,16,73,130,62,28,466,39,91,146,87,103
"3972","140630215",1,336,209,10,70,77,42,10,6,1,2,2,1,0,121,25,17,25,24,30,215,11,72,79,43,10,336,36,89,104,67,40
"3973","140560102",1,152,117,5,38,42,23,9,0,0,0,0,0,0,35,8,8,12,4,3,117,5,38,42,23,9,152,13,46,54,27,12
"3974","140560203",1,16,8,0,1,4,2,1,1,0,0,1,0,0,7,0,2,1,2,2,9,0,1,5,2,1,16,0,3,6,4,3
"3975","140560109",1,695,422,20,134,161,94,13,29,8,15,4,1,1,244,45,59,56,30,54,451,28,149,165,95,14,695,73,208,221,125,68
"3976","140560107",1,624,369,1,105,165,72,26,13,2,9,2,0,0,242,39,34,33,36,100,382,3,114,167,72,26,624,42,148,200,108,126
"3977","140560110",1,697,408,17,106,190,79,16,16,1,12,2,1,0,273,42,55,54,44,78,424,18,118,192,80,16,697,60,173,246,124,94
"3978","140560108",1,868,556,24,148,253,101,30,37,0,18,13,6,0,275,75,44,46,43,67,593,24,166,266,107,30,868,99,210,312,150,97
"3979","140560106",1,864,567,12,142,310,85,18,36,2,15,12,7,0,261,75,51,39,38,58,603,14,157,322,92,18,864,89,208,361,130,76
"3980","140421008",1,475,280,9,45,128,65,33,7,0,3,4,0,0,188,30,28,20,36,74,287,9,48,132,65,33,475,39,76,152,101,107
"3981","140560105",1,1041,710,27,214,317,141,11,41,4,21,11,4,1,290,75,59,51,43,62,751,31,235,328,145,12,1041,106,294,379,188,74
"3982","140560111",1,563,343,11,95,153,64,20,13,1,6,1,4,1,207,34,28,27,41,77,356,12,101,154,68,21,563,46,129,181,109,98
"3983","140980406",1,112,60,4,8,26,12,10,1,0,1,0,0,0,51,6,15,13,8,9,61,4,9,26,12,10,112,10,24,39,20,19
"3984","140630206",1,82,43,0,7,15,15,6,0,0,0,0,0,0,39,5,12,12,6,4,43,0,7,15,15,6,82,5,19,27,21,10
"3985","140560112",1,536,315,4,94,115,78,24,11,2,3,2,3,1,210,29,31,17,36,97,326,6,97,117,81,25,536,35,128,134,117,122
"3986","140560116",1,522,270,9,45,106,78,32,4,0,0,2,2,0,248,28,31,31,34,124,274,9,45,108,80,32,522,37,76,139,114,156
"3987","140980502",1,146,85,2,22,32,22,7,4,0,0,4,0,0,57,11,14,12,8,12,89,2,22,36,22,7,146,13,36,48,30,19
"3988","140560104",1,989,634,24,190,274,125,21,27,3,15,4,4,1,328,76,69,45,63,75,661,27,205,278,129,22,989,103,274,323,192,97
"3989","140560115",1,429,258,3,62,115,67,11,6,0,2,3,0,1,165,26,29,14,32,64,264,3,64,118,67,12,429,29,93,132,99,76
"3990","140560113",1,682,413,10,79,213,79,32,6,0,1,3,2,0,263,50,37,26,25,125,419,10,80,216,81,32,682,60,117,242,106,157
"3991","140421009",1,637,396,20,101,175,80,20,17,4,8,5,0,0,224,39,46,34,39,66,413,24,109,180,80,20,637,63,155,214,119,86
"3992","140560114",1,532,343,11,82,136,89,25,9,0,5,4,0,0,180,25,43,17,29,66,352,11,87,140,89,25,532,36,130,157,118,91
"3993","141820213",1,804,457,16,125,211,86,19,9,0,5,3,1,0,338,53,75,37,54,119,466,16,130,214,87,19,804,69,205,251,141,138
"3994","140421003",1,6,4,1,1,1,1,0,0,0,0,0,0,0,2,0,0,0,0,2,4,1,1,1,1,0,6,1,1,1,1,2
"3995","141820214",1,379,212,6,54,77,54,21,5,0,4,1,0,0,162,25,28,20,26,63,217,6,58,78,54,21,379,31,86,98,80,84
"3996","140980705",1,45,33,1,13,12,5,2,0,0,0,0,0,0,12,3,3,2,4,0,33,1,13,12,5,2,45,4,16,14,9,2
"3997","140980407",1,563,292,7,81,125,64,15,16,0,7,8,1,0,255,49,54,45,39,68,308,7,88,133,65,15,563,56,142,178,104,83
"3998","140980408",1,555,302,10,85,133,62,12,8,1,2,3,2,0,245,25,48,38,39,95,310,11,87,136,64,12,555,36,135,174,103,107
"3999","140980405",1,51,36,0,7,14,6,9,1,0,0,1,0,0,14,0,5,4,4,1,37,0,7,15,6,9,51,0,12,19,10,10
"4000","140560301",1,13,10,0,4,1,3,2,0,0,0,0,0,0,3,2,0,1,0,0,10,0,4,1,3,2,13,2,4,2,3,2
"4001","141820601",1,51,37,0,13,16,7,1,0,0,0,0,0,0,14,2,5,4,3,0,37,0,13,16,7,1,51,2,18,20,10,1
"4002","140560103",1,120,86,4,21,38,21,2,1,0,0,1,0,0,33,2,7,9,6,9,87,4,21,39,21,2,120,6,28,48,27,11
"4003","141820413",1,749,434,27,127,174,89,17,14,2,8,2,2,0,301,45,74,50,47,85,448,29,135,176,91,17,749,74,209,226,138,102
"4004","141820414",1,510,305,5,71,140,70,19,3,0,0,2,1,0,202,35,53,26,34,54,308,5,71,142,71,19,510,40,124,168,105,73
"4005","141820415",1,727,383,9,93,149,100,32,14,2,8,4,0,0,330,30,64,47,63,126,397,11,101,153,100,32,727,41,165,200,163,158
"4006","140630210",1,89,59,2,12,14,25,6,1,1,0,0,0,0,29,3,3,8,8,7,60,3,12,14,25,6,89,6,15,22,33,13
"4007","140560303",1,164,119,9,52,39,16,3,0,0,0,0,0,0,45,10,18,12,3,2,119,9,52,39,16,3,164,19,70,51,19,5
"4008","140980503",1,51,42,0,7,15,9,11,0,0,0,0,0,0,9,2,1,4,1,1,42,0,7,15,9,11,51,2,8,19,10,12
"4009","140630302",1,87,64,0,11,30,17,6,2,1,0,1,0,0,21,6,5,6,1,3,66,1,11,31,17,6,87,7,16,37,18,9
"4010","141820501",1,67,40,2,9,18,11,0,2,0,2,0,0,0,25,7,5,8,4,1,42,2,11,18,11,0,67,9,16,26,15,1
"4011","140421005",1,92,62,1,16,27,16,2,1,0,0,1,0,0,29,5,5,6,6,7,63,1,16,28,16,2,92,6,21,34,22,9
"4012","140980707",1,121,77,3,10,33,18,13,1,0,1,0,0,0,43,6,7,6,11,13,78,3,11,33,18,13,121,9,18,39,29,26
"4013","140980704",1,190,127,6,26,50,35,10,1,0,1,0,0,0,62,9,12,18,11,12,128,6,27,50,35,10,190,15,39,68,46,22
"4014","140630211",1,68,40,2,5,13,16,4,1,0,1,0,0,0,27,5,5,8,7,2,41,2,6,13,16,4,68,7,11,21,23,6
"4015","140980706",1,57,35,3,6,13,12,1,2,0,1,1,0,0,20,5,1,3,4,7,37,3,7,14,12,1,57,8,8,17,16,8
"4016","140980708",1,113,51,3,7,18,18,5,1,0,0,0,1,0,61,4,7,6,19,25,52,3,7,18,19,5,113,7,14,24,38,30
"4017","141820502",1,65,47,3,10,18,13,3,1,0,1,0,0,0,17,1,3,2,7,4,48,3,11,18,13,3,65,4,14,20,20,7
"4018","140560302",1,71,51,4,16,22,9,0,1,0,1,0,0,0,19,1,8,4,3,3,52,4,17,22,9,0,71,5,25,26,12,3
"4019","140980703",1,105,58,3,14,18,18,5,3,0,0,0,2,1,44,6,12,7,8,11,61,3,14,18,20,6,105,9,26,25,28,17
"4020","140560305",1,92,60,3,14,29,11,3,0,0,0,0,0,0,32,7,7,11,5,2,60,3,14,29,11,3,92,10,21,40,16,5
"4021","140421004",1,73,47,1,19,17,9,1,2,0,2,0,0,0,24,6,4,7,4,3,49,1,21,17,9,1,73,7,25,24,13,4
"4022","140560304",1,148,94,3,27,45,14,5,0,0,0,0,0,0,54,16,14,13,7,4,94,3,27,45,14,5,148,19,41,58,21,9
"4023","140981001",1,32,16,1,5,5,3,2,1,0,0,1,0,0,15,5,0,4,3,3,17,1,5,6,3,2,32,6,5,10,6,5
"4024","141821202",1,409,207,3,48,89,56,11,4,0,2,1,1,0,198,15,29,19,36,99,211,3,50,90,57,11,409,18,79,109,93,110
"4025","141821201",1,550,360,8,99,158,77,18,10,1,8,1,0,0,180,38,33,26,36,47,370,9,107,159,77,18,550,47,140,185,113,65
"4026","141821204",1,837,550,27,153,209,138,23,27,3,12,8,4,0,260,41,57,31,48,83,577,30,165,217,142,23,837,71,222,248,190,106
"4027","141821203",1,606,309,4,69,127,82,27,7,3,1,0,2,1,290,21,44,28,49,148,316,7,70,127,84,28,606,28,114,155,133,176
"4028","140560117",1,900,526,21,148,222,110,25,10,0,7,2,1,0,364,66,63,59,50,126,536,21,155,224,111,25,900,87,218,283,161,151
"4029","141820602",1,100,81,3,18,38,19,3,0,0,0,0,0,0,19,3,6,5,5,0,81,3,18,38,19,3,100,6,24,43,24,3
"4030","141821205",1,574,342,11,86,122,99,24,4,0,1,3,0,0,228,33,45,27,39,84,346,11,87,125,99,24,574,44,132,152,138,108
"4031","141821209",1,490,328,13,105,139,60,11,9,1,4,3,1,0,153,31,28,18,28,48,337,14,109,142,61,11,490,45,137,160,89,59
"4032","141821208",1,488,319,6,78,148,68,19,13,1,8,2,2,0,156,23,26,23,26,58,332,7,86,150,70,19,488,30,112,173,96,77
"4033","141821207",1,641,368,4,82,170,80,32,6,0,2,4,0,0,267,29,45,24,44,125,374,4,84,174,80,32,641,33,129,198,124,157
"4034","141821206",1,871,562,15,172,221,131,23,14,2,7,5,0,0,295,59,47,45,43,101,576,17,179,226,131,23,871,76,226,271,174,124
"4035","140981004",1,117,69,2,15,30,15,7,2,0,2,0,0,0,46,7,8,15,6,10,71,2,17,30,15,7,117,9,25,45,21,17
"4036","140560118",1,586,349,5,95,164,71,14,14,0,7,6,1,0,223,43,37,31,35,77,363,5,102,170,72,14,586,48,139,201,107,91
"4037","141821210",1,473,310,5,70,181,49,5,9,3,2,3,1,0,154,32,42,21,18,41,319,8,72,184,50,5,473,40,114,205,68,46
"4038","141821211",1,651,485,29,134,231,76,15,20,4,10,5,1,0,146,55,35,24,18,14,505,33,144,236,77,15,651,88,179,260,95,29
"4039","140981002",1,51,36,3,4,17,9,3,0,0,0,0,0,0,15,3,2,3,3,4,36,3,4,17,9,3,51,6,6,20,12,7
"4040","140560306",1,27,21,0,5,9,4,3,0,0,0,0,0,0,6,1,2,1,1,1,21,0,5,9,4,3,27,1,7,10,5,4
"4041","140980504",1,27,19,0,3,2,12,2,0,0,0,0,0,0,8,1,1,3,2,1,19,0,3,2,12,2,27,1,4,5,14,3
"4042","140630401",1,31,13,1,3,5,4,0,0,0,0,0,0,0,18,1,4,2,7,4,13,1,3,5,4,0,31,2,7,7,11,4
"4043","141820504",1,44,28,1,3,19,3,2,0,0,0,0,0,0,16,5,2,6,1,2,28,1,3,19,3,2,44,6,5,25,4,4
"4044","140630304",1,630,439,23,140,192,71,13,13,0,6,5,1,1,178,58,33,30,18,39,452,23,146,197,72,14,630,81,179,227,90,53
"4045","140630303",1,245,133,5,29,54,34,11,7,1,3,0,1,2,105,13,18,24,22,28,140,6,32,54,35,13,245,19,50,78,57,41
"4046","140630306",1,703,459,9,107,202,88,53,10,1,3,5,1,0,234,45,37,29,27,96,469,10,110,207,89,53,703,55,147,236,116,149
"4047","140630305",1,689,431,9,105,186,96,35,4,0,1,3,0,0,254,47,44,37,49,77,435,9,106,189,96,35,689,56,150,226,145,112
"4048","140630307",1,540,338,6,61,120,93,58,13,0,8,4,0,1,189,22,25,10,36,96,351,6,69,124,93,59,540,28,94,134,129,155
"4049","140421011",1,396,256,11,87,105,42,11,6,0,3,3,0,0,134,11,20,15,14,74,262,11,90,108,42,11,396,22,110,123,56,85
"4050","140421012",1,589,366,6,88,159,86,27,6,0,3,3,0,0,217,31,32,20,47,87,372,6,91,162,86,27,589,37,123,182,133,114
"4051","140630311",1,707,491,21,141,229,87,13,31,3,13,12,1,2,185,45,39,28,24,49,522,24,154,241,88,15,707,69,193,269,112,64
"4052","140421013",1,482,273,8,70,128,55,12,10,1,4,4,1,0,199,27,37,25,39,71,283,9,74,132,56,12,482,36,111,157,95,83
"4053","140421010",1,587,394,27,105,192,61,9,16,3,10,3,0,0,177,39,25,43,22,48,410,30,115,195,61,9,587,69,140,238,83,57
"4054","140630308",1,616,365,6,99,155,86,19,24,3,11,5,5,0,227,38,39,26,36,88,389,9,110,160,91,19,616,47,149,186,127,107
"4055","140630309",1,467,289,6,59,142,63,19,9,0,4,2,3,0,169,35,17,17,28,72,298,6,63,144,66,19,467,41,80,161,94,91
"4056","140630310",1,485,292,6,74,118,70,24,3,0,1,0,2,0,190,26,32,30,32,70,295,6,75,118,72,24,485,32,107,148,104,94
"4057","140421015",1,608,357,8,74,133,104,38,4,0,4,0,0,0,247,25,50,27,46,99,361,8,78,133,104,38,608,33,128,160,150,137
"4058","140421014",1,508,324,10,66,154,64,30,7,3,3,0,1,0,177,38,36,27,18,58,331,13,69,154,65,30,508,51,105,181,83,88
"4059","140630502",1,108,62,3,7,23,18,11,2,0,2,0,0,0,44,1,7,13,14,9,64,3,9,23,18,11,108,4,16,36,32,20
"4060","140980507",1,93,70,0,13,31,20,6,0,0,0,0,0,0,23,4,3,5,4,7,70,0,13,31,20,6,93,4,16,36,24,13
"4061","140630403",1,30,21,1,3,7,9,1,1,0,0,1,0,0,8,1,1,2,3,1,22,1,3,8,9,1,30,2,4,10,12,2
"4062","140981003",1,454,261,11,83,107,48,12,21,3,9,7,2,0,172,34,32,41,23,42,282,14,92,114,50,12,454,48,124,155,73,54
"4063","140630407",1,781,482,16,127,207,102,30,9,1,4,4,0,0,290,60,38,38,52,102,491,17,131,211,102,30,781,77,169,249,154,132
"4064","140630408",1,620,336,6,71,127,109,23,10,0,7,2,1,0,274,36,44,33,53,108,346,6,78,129,110,23,620,42,122,162,163,131
"4065","140630402",1,50,33,1,7,12,10,3,0,0,0,0,0,0,17,4,2,4,3,4,33,1,7,12,10,3,50,5,9,16,13,7
"4066","140630501",1,153,91,1,22,36,26,6,1,0,1,0,0,0,61,11,15,16,9,10,92,1,23,36,26,6,153,12,38,52,35,16
"4067","140630409",1,432,241,4,38,106,62,31,12,0,5,5,0,2,179,20,28,13,34,84,253,4,43,111,62,33,432,24,71,124,96,117
"4068","141820503",1,15,10,0,0,7,3,0,0,0,0,0,0,0,5,2,0,2,0,1,10,0,0,7,3,0,15,2,0,9,3,1
"4069","140630410",1,437,234,0,54,104,56,20,5,0,4,1,0,0,198,19,24,22,36,97,239,0,58,105,56,20,437,19,82,127,92,117
"4070","140630412",1,400,234,6,53,87,68,20,4,0,0,2,1,1,162,29,28,11,36,58,238,6,53,89,69,21,400,35,81,100,105,79
"4071","140630411",1,464,249,1,50,85,98,15,11,0,7,1,1,2,204,18,41,18,43,84,260,1,57,86,99,17,464,19,98,104,142,101
"4072","140980506",1,315,229,8,65,114,33,9,9,0,4,4,1,0,77,15,18,24,8,12,238,8,69,118,34,9,315,23,87,142,42,21
"4073","140560307",1,24,19,0,3,5,10,1,0,0,0,0,0,0,5,2,3,0,0,0,19,0,3,5,10,1,24,2,6,5,10,1
"4074","140980409",1,222,119,1,27,60,27,4,10,1,5,2,2,0,93,13,16,19,21,24,129,2,32,62,29,4,222,15,48,81,50,28
"4075","140980801",1,116,74,1,21,34,15,3,2,0,2,0,0,0,40,4,8,6,8,14,76,1,23,34,15,3,116,5,31,40,23,17
"4076","140980505",1,271,162,3,42,81,29,7,8,0,6,1,0,1,101,15,22,16,22,26,170,3,48,82,29,8,271,18,70,98,51,34
"4077","140560308",1,54,40,1,11,19,9,0,0,0,0,0,0,0,14,4,2,6,1,1,40,1,11,19,9,0,54,5,13,25,10,1
"4078","140421006",1,62,49,3,13,26,5,2,0,0,0,0,0,0,13,4,4,3,1,1,49,3,13,26,5,2,62,7,17,29,6,3
"4079","140560319",1,843,481,10,113,222,108,28,25,4,9,7,4,1,337,54,80,58,61,84,506,14,122,229,112,29,843,68,202,287,173,113
"4080","140630504",1,434,252,4,56,102,65,25,5,0,3,1,1,0,177,32,28,22,31,64,257,4,59,103,66,25,434,36,87,125,97,89
"4081","141820505",1,156,98,7,34,42,10,5,2,0,1,0,1,0,56,10,21,14,1,10,100,7,35,42,11,5,156,17,56,56,12,15
"4082","140560311",1,714,410,7,121,167,90,25,13,1,7,3,1,1,291,53,58,40,37,103,423,8,128,170,91,26,714,61,186,210,128,129
"4083","140630505",1,638,360,8,87,161,70,34,10,0,4,4,2,0,268,31,56,23,38,120,370,8,91,165,72,34,638,39,147,188,110,154
"4084","140630506",1,655,395,9,96,190,77,23,6,3,1,2,0,0,254,48,42,38,39,87,401,12,97,192,77,23,655,60,139,230,116,110
"4085","140560314",1,575,342,8,70,157,80,27,6,0,2,2,0,2,227,36,19,31,36,105,348,8,72,159,80,29,575,44,91,190,116,134
"4086","140630507",1,502,306,5,66,128,89,18,9,0,3,3,3,0,187,26,28,21,27,85,315,5,69,131,92,18,502,31,97,152,119,103
"4087","140560313",1,782,451,9,85,187,145,25,10,1,3,4,2,0,321,49,48,41,43,140,461,10,88,191,147,25,782,59,136,232,190,165
"4088","140980901",1,115,69,2,9,31,16,11,0,0,0,0,0,0,46,9,5,13,9,10,69,2,9,31,16,11,115,11,14,44,25,21
"4089","140560309",1,96,56,0,19,17,16,4,1,0,1,0,0,0,39,5,15,8,10,1,57,0,20,17,16,4,96,5,35,25,26,5
"4090","140560310",1,151,113,8,43,42,17,3,2,0,1,0,1,0,36,10,10,10,4,2,115,8,44,42,18,3,151,18,54,52,22,5
"4091","140560312",1,638,380,5,85,146,112,32,9,1,6,1,0,1,249,35,31,27,42,114,389,6,91,147,112,33,638,41,122,174,154,147
"4092","140980802",1,117,86,1,17,41,18,9,0,0,0,0,0,0,31,6,5,10,6,4,86,1,17,41,18,9,117,7,22,51,24,13
"4093","140630601",1,11,7,0,1,3,2,1,0,0,0,0,0,0,4,0,0,1,3,0,7,0,1,3,2,1,11,0,1,4,5,1
"4094","140980508",1,53,37,0,10,9,13,5,0,0,0,0,0,0,16,3,1,5,4,3,37,0,10,9,13,5,53,3,11,14,17,8
"4095","140560315",1,428,243,4,42,120,50,27,7,0,3,4,0,0,178,26,23,18,17,94,250,4,45,124,50,27,428,30,68,142,67,121
"4096","140560316",1,659,380,13,112,160,76,19,20,2,7,6,3,2,259,45,50,36,34,94,400,15,119,166,79,21,659,60,169,202,113,115
"4097","140560318",1,448,287,15,76,106,75,15,21,0,8,10,3,0,140,31,23,22,22,42,308,15,84,116,78,15,448,46,107,138,100,57
"4098","140560320",1,477,283,4,71,134,64,10,5,1,0,3,1,0,189,29,27,37,33,63,288,5,71,137,65,10,477,34,98,174,98,73
"4099","140560317",1,448,305,7,63,159,65,11,3,0,1,1,1,0,140,44,34,12,17,33,308,7,64,160,66,11,448,51,98,172,83,44
"4100","140630508",1,645,378,6,87,161,98,26,4,1,0,1,2,0,263,45,44,38,34,102,382,7,87,162,100,26,645,52,131,200,134,128
"4101","140630510",1,907,600,25,174,234,139,28,23,2,11,8,1,1,284,68,39,50,41,86,623,27,185,242,140,29,907,95,224,292,181,115
"4102","140630509",1,400,232,2,45,127,47,11,19,1,8,8,1,1,149,19,30,12,27,61,251,3,53,135,48,12,400,22,83,147,75,73
"4103","140421007",1,68,44,0,12,19,10,3,0,0,0,0,0,0,24,5,3,9,3,4,44,0,12,19,10,3,68,5,15,28,13,7
"4104","140560401",1,82,73,2,15,29,22,5,0,0,0,0,0,0,9,4,1,3,1,0,73,2,15,29,22,5,82,6,16,32,23,5
"4105","141820603",1,59,45,1,10,22,11,1,1,0,1,0,0,0,13,2,2,4,2,3,46,1,11,22,11,1,59,3,13,26,13,4
"4106","140630514",1,563,305,3,78,139,68,17,8,1,3,3,1,0,250,31,30,33,39,117,313,4,81,142,69,17,563,35,111,175,108,134
"4107","140630404",1,56,35,1,6,17,8,3,0,0,0,0,0,0,21,3,3,3,8,4,35,1,6,17,8,3,56,4,9,20,16,7
"4108","140630513",1,597,338,1,61,156,85,35,11,2,4,3,2,0,248,23,36,25,41,123,349,3,65,159,87,35,597,26,101,184,128,158
"4109","140630603",1,94,67,1,13,23,19,11,4,0,3,1,0,0,23,1,9,4,7,2,71,1,16,24,19,11,94,2,25,28,26,13
"4110","140630405",1,101,50,1,12,14,14,9,0,0,0,0,0,0,51,5,10,16,9,11,50,1,12,14,14,9,101,6,22,30,23,20
"4111","140630512",1,414,252,6,70,104,61,11,13,2,6,4,0,1,149,19,21,11,26,72,265,8,76,108,61,12,414,27,97,119,87,84
"4112","140630515",1,733,452,8,102,203,92,47,15,2,7,5,1,0,266,41,43,30,46,106,467,10,109,208,93,47,733,51,152,238,139,153
"4113","140630511",1,529,312,6,94,121,78,13,13,1,5,4,3,0,204,36,33,31,34,70,325,7,99,125,81,13,529,43,132,156,115,83
"4114","140981005",1,114,79,4,15,27,23,10,3,1,0,2,0,0,32,2,6,8,3,13,82,5,15,29,23,10,114,7,21,37,26,23
"4115","140630516",1,656,420,6,92,194,86,42,13,2,8,0,3,0,223,39,33,17,38,96,433,8,100,194,89,42,656,47,133,211,127,138
"4116","140630517",1,316,212,8,57,84,52,11,2,1,1,0,0,0,102,17,22,16,10,37,214,9,58,84,52,11,316,26,80,100,62,48
"4117","140981006",1,93,75,1,26,16,27,5,0,0,0,0,0,0,18,4,2,2,5,5,75,1,26,16,27,5,93,5,28,18,32,10
"4118","140980509",1,122,78,8,20,29,16,5,0,0,0,0,0,0,44,8,11,15,4,6,78,8,20,29,16,5,122,16,31,44,20,11
"4119","141820506",1,52,26,0,6,9,7,4,0,0,0,0,0,0,26,0,13,5,4,4,26,0,6,9,7,4,52,0,19,14,11,8
"4120","140980510",1,677,438,11,103,213,84,27,20,2,8,6,3,1,219,56,48,42,32,41,458,13,111,219,87,28,677,69,159,261,119,69
"4121","140981701",1,1069,643,30,204,310,88,11,73,7,34,21,10,1,353,90,92,69,43,59,716,37,238,331,98,12,1069,127,330,400,141,71
"4122","140980511",1,595,324,4,94,136,73,17,9,0,7,0,2,0,262,44,54,42,45,77,333,4,101,136,75,17,595,48,155,178,120,94
"4123","140981702",1,738,492,37,121,243,79,12,60,8,27,14,10,1,186,57,41,40,27,21,552,45,148,257,89,13,738,102,189,297,116,34
"4124","140980512",1,731,425,5,137,174,92,17,33,0,18,9,5,1,273,67,52,47,41,66,458,5,155,183,97,18,731,72,207,230,138,84
"4125","140980513",1,538,291,3,74,135,67,12,16,3,7,3,3,0,231,37,35,28,50,81,307,6,81,138,70,12,538,43,116,166,120,93
"4126","140421016",1,816,493,10,125,220,101,37,15,1,8,4,2,0,308,57,48,35,48,120,508,11,133,224,103,37,816,68,181,259,151,157
"4127","140981501",1,784,529,20,125,269,90,25,28,1,12,7,5,3,227,41,46,46,40,54,557,21,137,276,95,28,784,62,183,322,135,82
"4128","140981601",1,741,478,16,140,205,98,19,34,3,13,9,8,1,229,63,58,43,23,42,512,19,153,214,106,20,741,82,211,257,129,62
"4129","140981712",1,1106,696,27,181,318,139,31,43,1,22,13,6,1,367,59,70,39,67,132,739,28,203,331,145,32,1106,87,273,370,212,164
"4130","140981709",1,663,417,4,121,203,68,21,17,2,3,9,0,3,229,64,41,46,28,50,434,6,124,212,68,24,663,70,165,258,96,74
"4131","140981708",1,823,519,15,146,206,128,24,67,5,32,18,12,0,237,41,37,46,46,67,586,20,178,224,140,24,823,61,215,270,186,91
"4132","140981706",1,581,331,11,86,159,63,12,42,0,23,14,3,2,208,42,37,25,36,68,373,11,109,173,66,14,581,53,146,198,102,82
"4133","140981502",1,760,472,18,142,210,89,13,35,1,21,11,2,0,253,72,59,51,33,38,507,19,163,221,91,13,760,91,222,272,124,51
"4134","140981705",1,955,624,11,180,254,143,36,24,0,15,5,4,0,307,50,87,31,51,88,648,11,195,259,147,36,955,61,282,290,198,124
"4135","140981704",1,484,307,6,50,181,55,15,26,0,11,2,9,4,151,34,32,19,16,50,333,6,61,183,64,19,484,40,93,202,80,69
"4136","140981703",1,762,485,9,119,242,98,17,23,2,15,5,1,0,254,55,85,38,34,42,508,11,134,247,99,17,762,66,219,285,133,59
"4137","140980514",1,457,246,2,74,109,52,9,10,0,3,4,3,0,201,37,35,28,32,69,256,2,77,113,55,9,457,39,112,141,87,78
"4138","140981707",1,514,318,1,93,143,64,17,19,1,8,8,1,1,177,37,41,24,19,56,337,2,101,151,65,18,514,39,142,175,84,74
"4139","141820604",1,92,70,10,26,23,9,2,4,2,0,2,0,0,18,5,6,3,2,2,74,12,26,25,9,2,92,17,32,28,11,4
"4140","140980515",1,556,340,8,109,161,52,10,13,0,7,5,1,0,203,54,55,38,27,29,353,8,116,166,53,10,556,62,171,204,80,39
"4141","140981801",1,1061,649,10,200,263,156,20,33,0,19,11,3,0,379,73,95,48,46,117,682,10,219,274,159,20,1061,83,314,322,205,137
"4142","140981602",1,962,577,20,175,263,99,20,51,8,22,15,6,0,334,84,87,66,36,61,628,28,197,278,105,20,962,112,284,344,141,81
"4143","140630602",1,9,7,1,2,2,2,0,0,0,0,0,0,0,2,0,0,2,0,0,7,1,2,2,2,0,9,1,2,4,2,0
"4144","140981710",1,640,372,4,92,153,92,31,16,1,6,5,4,0,252,33,39,33,51,96,388,5,98,158,96,31,640,38,137,191,147,127
"4145","140981713",1,711,432,8,112,157,114,41,35,3,22,5,5,0,244,36,37,25,30,116,467,11,134,162,119,41,711,47,171,187,149,157
"4146","140981711",1,775,452,0,108,174,130,40,33,3,18,9,2,1,290,37,65,21,56,111,485,3,126,183,132,41,775,40,191,204,188,152
"4147","140981802",1,970,598,8,154,259,153,24,39,1,18,13,5,2,333,52,85,42,61,93,637,9,172,272,158,26,970,61,257,314,219,119
"4148","140981806",1,715,409,9,101,190,82,27,28,0,14,7,5,2,278,49,45,35,44,105,437,9,115,197,87,29,715,58,160,232,131,134
"4149","140560601",1,143,88,5,25,35,18,5,1,1,0,0,0,0,54,5,17,13,8,11,89,6,25,35,18,5,143,11,42,48,26,16
"4150","140981603",1,481,305,6,99,104,83,13,31,4,14,8,5,0,145,24,29,21,20,51,336,10,113,112,88,13,481,34,142,133,108,64
"4151","140981803",1,1127,705,11,170,383,126,15,48,6,21,19,2,0,374,101,111,68,40,54,753,17,191,402,128,15,1127,118,302,470,168,69
"4152","140981504",1,744,523,7,90,308,99,19,16,2,7,3,4,0,205,58,58,29,28,32,539,9,97,311,103,19,744,67,155,340,131,51
"4153","140981604",1,549,318,7,83,115,89,24,25,1,10,11,3,0,206,32,42,19,36,77,343,8,93,126,92,24,549,40,135,145,128,101
"4154","140981804",1,1088,720,33,180,365,125,17,36,0,24,8,3,1,332,87,87,45,50,63,756,33,204,373,128,18,1088,120,291,418,178,81
"4155","140981503",1,936,601,13,174,293,101,20,42,4,22,10,5,1,293,71,76,54,44,48,643,17,196,303,106,21,936,88,272,357,150,69
"4156","140981807",1,795,454,4,94,195,129,32,17,1,10,2,4,0,324,55,77,31,36,125,471,5,104,197,133,32,795,60,181,228,169,157
"4157","140981506",1,556,395,7,99,209,69,11,18,1,6,6,4,1,143,33,31,18,28,33,413,8,105,215,73,12,556,41,136,233,101,45
"4158","140981512",1,415,275,2,24,185,54,10,10,2,4,3,1,0,130,48,27,30,12,13,285,4,28,188,55,10,415,52,55,218,67,23
"4159","140981605",1,908,580,12,141,254,122,51,24,0,12,8,4,0,304,49,58,24,37,136,604,12,153,262,126,51,908,61,211,286,163,187
"4160","140981607",1,583,369,14,88,162,79,26,28,1,11,12,2,2,186,37,29,31,22,67,397,15,99,174,81,28,583,52,128,205,103,95
"4161","140981505",1,592,383,8,105,166,80,24,26,3,11,7,3,2,183,40,31,35,31,46,409,11,116,173,83,26,592,51,147,208,114,72
"4162","140981805",1,1002,649,26,160,314,122,27,60,2,32,17,7,2,293,77,74,47,38,57,709,28,192,331,129,29,1002,105,266,378,167,86
"4163","140980516",1,362,151,1,76,56,15,3,17,0,15,0,2,0,194,5,174,6,5,4,168,1,91,56,17,3,362,6,265,62,22,7
"4164","140560602",1,80,54,1,20,25,6,2,3,0,0,2,1,0,23,6,4,8,3,2,57,1,20,27,7,2,80,7,24,35,10,4
"4165","140981606",1,443,298,11,69,131,63,24,17,2,9,2,3,1,128,29,28,17,19,35,315,13,78,133,66,25,443,42,106,150,85,60
"4166","140981511",1,714,444,2,44,253,113,32,5,1,0,4,0,0,265,80,60,46,26,53,449,3,44,257,113,32,714,83,104,303,139,85
"4167","140981901",1,546,352,4,124,115,98,11,23,1,13,6,3,0,171,34,46,18,35,38,375,5,137,121,101,11,546,39,183,139,136,49
"4168","140981609",1,1004,637,14,174,278,134,37,51,2,27,17,5,0,316,56,50,45,53,112,688,16,201,295,139,37,1004,72,251,340,192,149
"4169","140981811",1,774,452,7,99,187,123,36,18,0,6,8,3,1,304,47,56,24,41,136,470,7,105,195,126,37,774,54,161,219,167,173
"4170","140981808",1,907,550,11,151,227,132,29,32,0,20,9,3,0,325,60,86,48,54,77,582,11,171,236,135,29,907,71,257,284,189,106
"4171","140981608",1,481,357,14,45,259,38,1,10,0,6,4,0,0,114,40,21,26,11,16,367,14,51,263,38,1,481,54,72,289,49,17
"4172","140630406",1,31,11,0,3,6,2,0,0,0,0,0,0,0,20,4,3,8,2,3,11,0,3,6,2,0,31,4,6,14,4,3
"4173","140981812",1,761,438,10,101,189,102,36,29,0,14,11,2,2,294,54,57,22,43,118,467,10,115,200,104,38,761,64,172,222,147,156
"4174","140981610",1,982,640,20,175,241,156,48,48,9,21,8,5,5,294,36,61,27,59,111,688,29,196,249,161,53,982,65,257,276,220,164
"4175","140981510",1,894,578,15,162,237,126,38,39,3,16,15,4,1,277,48,41,34,49,105,617,18,178,252,130,39,894,66,219,286,179,144
"4176","140981809",1,1112,764,15,168,437,123,21,46,5,20,16,2,3,302,83,60,51,38,70,810,20,188,453,125,24,1112,103,248,504,163,94
"4177","140981509",1,809,544,13,131,278,109,13,37,3,18,10,6,0,228,63,40,35,40,50,581,16,149,288,115,13,809,79,189,323,155,63
"4178","140981813",1,796,491,18,130,200,126,17,49,3,23,13,6,4,256,60,66,32,37,61,540,21,153,213,132,21,796,81,219,245,169,82
"4179","140560403",1,20,12,1,1,4,5,1,0,0,0,0,0,0,8,0,3,1,3,1,12,1,1,4,5,1,20,1,4,5,8,2
"4180","140980517",1,694,347,2,145,98,92,10,31,0,27,2,2,0,316,33,204,24,26,29,378,2,172,100,94,10,694,35,376,124,120,39
"4181","140630503",1,45,39,0,4,25,7,3,0,0,0,0,0,0,6,1,0,2,2,1,39,0,4,25,7,3,45,1,4,27,9,4
"4182","140981810",1,1018,676,19,177,326,132,22,38,1,23,12,1,1,304,64,91,49,40,60,714,20,200,338,133,23,1018,84,291,387,173,83
"4183","140982001",1,263,150,4,39,64,28,15,10,2,4,4,0,0,103,12,21,9,9,52,160,6,43,68,28,15,263,18,64,77,37,67
"4184","140982002",1,489,291,5,69,125,72,20,13,1,6,4,2,0,185,25,39,12,14,95,304,6,75,129,74,20,489,31,114,141,88,115
"4185","140981507",1,668,390,8,99,160,96,27,17,1,8,5,2,1,261,46,48,28,31,108,407,9,107,165,98,28,668,55,155,193,129,136
"4186","140981513",1,866,485,7,121,178,156,23,38,4,15,14,4,1,343,46,45,43,58,151,523,11,136,192,160,24,866,57,181,235,218,175
"4187","140981508",1,599,380,4,96,151,94,35,24,1,14,6,2,1,195,34,36,17,36,72,404,5,110,157,96,36,599,39,146,174,132,108
"4188","140981101",1,208,131,2,34,47,39,9,3,0,2,1,0,0,74,7,26,9,13,19,134,2,36,48,39,9,208,9,62,57,52,28
"4189","140981514",1,784,475,3,103,227,114,28,15,0,9,3,3,0,294,46,55,34,52,107,490,3,112,230,117,28,784,49,167,264,169,135
"4190","140981611",1,662,401,1,96,189,73,42,12,0,8,2,2,0,249,31,62,12,28,116,413,1,104,191,75,42,662,32,166,203,103,158
"4191","140560402",1,97,76,2,13,34,20,7,0,0,0,0,0,0,21,3,5,5,5,3,76,2,13,34,20,7,97,5,18,39,25,10
"4192","140981515",1,531,325,5,70,141,78,31,27,1,11,9,5,1,179,28,34,9,29,79,352,6,81,150,83,32,531,34,115,159,112,111
"4193","140982101",1,744,500,16,137,241,90,16,24,1,14,8,1,0,220,66,44,37,31,42,524,17,151,249,91,16,744,83,195,286,122,58
"4194","140981612",1,664,398,6,117,159,81,35,10,1,4,3,2,0,256,28,78,12,22,116,408,7,121,162,83,35,664,35,199,174,105,151
"4195","140980803",1,159,96,5,16,47,26,2,3,0,1,2,0,0,60,12,9,16,10,13,99,5,17,49,26,2,159,17,26,65,36,15
"4196","140982111",1,811,491,12,106,215,118,40,19,0,8,8,2,1,301,35,40,31,43,152,510,12,114,223,120,41,811,47,154,254,163,193
"4197","140982104",1,584,337,3,75,173,69,17,13,0,6,2,5,0,234,33,38,21,34,108,350,3,81,175,74,17,584,36,119,196,108,125
"4198","140982103",1,998,586,12,151,231,149,43,42,0,19,16,6,1,370,58,58,36,49,169,628,12,170,247,155,44,998,70,228,283,204,213
"4199","140982003",1,587,360,4,86,139,85,46,10,0,5,2,3,0,217,25,68,15,26,83,370,4,91,141,88,46,587,29,159,156,114,129
"4200","140981902",1,1512,894,70,289,377,132,26,118,10,59,43,5,1,500,126,159,117,55,43,1012,80,348,420,137,27,1512,206,507,537,192,70
"4201","140982008",1,793,461,6,133,204,83,35,41,0,23,10,6,2,291,32,70,26,39,124,502,6,156,214,89,37,793,38,226,240,128,161
"4202","140981613",1,352,241,1,70,87,57,26,9,1,4,1,2,1,102,10,21,8,11,52,250,2,74,88,59,27,352,12,95,96,70,79
"4203","140982106",1,420,272,3,62,127,61,19,7,1,4,0,1,1,141,20,19,10,17,75,279,4,66,127,62,20,420,24,85,137,79,95
"4204","140982102",1,483,333,12,78,160,65,18,19,2,8,8,0,1,131,39,28,19,15,30,352,14,86,168,65,19,483,53,114,187,80,49
"4205","140982009",1,517,345,12,110,125,80,18,39,2,16,14,7,0,133,29,32,16,27,29,384,14,126,139,87,18,517,43,158,155,114,47
"4206","140982006",1,678,411,3,120,142,106,40,18,1,13,4,0,0,249,25,65,18,25,116,429,4,133,146,106,40,678,29,198,164,131,156
"4207","140981614",1,358,211,1,48,98,48,16,5,0,5,0,0,0,142,11,39,7,17,68,216,1,53,98,48,16,358,12,92,105,65,84
"4208","140982107",1,458,282,3,66,125,65,23,11,0,10,1,0,0,165,22,37,13,20,73,293,3,76,126,65,23,458,25,113,139,85,96
"4209","140982007",1,482,252,7,96,109,31,9,23,0,15,5,3,0,207,14,86,5,13,89,275,7,111,114,34,9,482,21,197,119,47,98
"4210","140982004",1,342,198,0,52,77,49,20,6,0,4,1,1,0,138,13,33,5,16,71,204,0,56,78,50,20,342,13,89,83,66,91
"4211","140981615",1,325,219,1,81,66,42,29,10,0,5,2,2,1,96,7,25,2,19,43,229,1,86,68,44,30,325,8,111,70,63,73
"4212","140982105",1,546,320,2,72,149,82,15,15,0,9,5,1,0,211,25,39,24,35,88,335,2,81,154,83,15,546,27,120,178,118,103
"4213","140982016",1,524,335,3,90,132,70,40,12,0,7,3,2,0,177,16,59,7,20,75,347,3,97,135,72,40,524,19,156,142,92,115
"4214","140982005",1,265,163,2,33,63,45,20,10,0,7,2,1,0,92,6,26,4,9,47,173,2,40,65,46,20,265,8,66,69,55,67
"4215","140982017",1,625,390,3,115,163,74,35,14,0,6,4,3,1,221,22,60,17,27,95,404,3,121,167,77,36,625,25,181,184,104,131
"4216","140982112",1,668,428,14,109,213,77,15,23,4,9,7,2,1,217,39,45,45,34,54,451,18,118,220,79,16,668,57,163,265,113,70
"4217","140982014",1,411,238,1,52,83,69,33,7,0,5,0,2,0,166,16,43,3,16,88,245,1,57,83,71,33,411,17,100,86,87,121
"4218","140982015",1,307,192,1,38,94,41,18,2,0,2,0,0,0,113,15,25,4,13,56,194,1,40,94,41,18,307,16,65,98,54,74
"4219","141820508",1,76,48,1,16,16,15,0,0,0,0,0,0,0,28,2,9,9,6,2,48,1,16,16,15,0,76,3,25,25,21,2
"4220","140982108",1,781,465,8,97,198,122,40,20,0,12,5,3,0,296,39,39,30,42,146,485,8,109,203,125,40,781,47,148,233,167,186
"4221","140982013",1,400,247,3,58,84,77,25,9,0,7,1,0,1,144,9,47,6,16,66,256,3,65,85,77,26,400,12,112,91,93,92
"4222","140982110",1,800,486,5,109,221,117,34,27,0,20,6,1,0,287,55,56,24,42,110,513,5,129,227,118,34,800,60,185,251,160,144
"4223","140982018",1,648,416,2,129,170,74,41,24,2,15,3,4,0,208,19,75,15,26,73,440,4,144,173,78,41,648,23,219,188,104,114
"4224","140982012",1,400,250,4,83,97,46,20,10,0,8,2,0,0,140,12,51,6,11,60,260,4,91,99,46,20,400,16,142,105,57,80
"4225","140982020",1,362,204,0,44,61,68,31,10,0,7,0,2,1,148,5,26,6,23,88,214,0,51,61,70,32,362,5,77,67,93,120
"4226","140982113",1,769,501,20,160,208,100,13,48,5,26,11,6,0,220,43,43,29,36,69,549,25,186,219,106,13,769,68,229,248,142,82
"4227","140982021",1,412,227,3,55,98,42,29,5,0,4,0,0,1,180,12,69,6,14,79,232,3,59,98,42,30,412,15,128,104,56,109
"4228","140981904",1,583,342,23,97,154,52,16,43,3,20,17,2,1,198,50,43,41,24,40,385,26,117,171,54,17,583,76,160,212,78,57
"4229","140982401",1,583,336,3,89,138,85,21,15,1,9,1,2,2,232,17,57,10,34,114,351,4,98,139,87,23,583,21,155,149,121,137
"4230","140982010",1,631,411,5,114,175,81,36,14,1,10,1,2,0,206,20,42,12,35,97,425,6,124,176,83,36,631,26,166,188,118,133
"4231","140982011",1,321,203,1,58,77,50,17,11,0,7,3,0,1,107,8,42,2,17,38,214,1,65,80,50,18,321,9,107,82,67,56
"4232","140982201",1,1020,645,16,131,333,140,25,45,1,24,12,5,3,330,71,84,40,40,95,690,17,155,345,145,28,1020,88,239,385,185,123
"4233","140982019",1,191,113,1,29,46,32,5,1,0,0,0,0,1,77,13,27,5,8,24,114,1,29,46,32,6,191,14,56,51,40,30
"4234","140982114",1,883,529,20,129,245,104,31,33,2,15,9,5,2,321,50,56,39,55,121,562,22,144,254,109,33,883,72,200,293,164,154
"4235","140982022",1,396,248,5,56,90,63,34,3,0,1,2,0,0,145,12,53,4,16,60,251,5,57,92,63,34,396,17,110,96,79,94
"4236","140982411",1,691,424,2,112,184,89,37,18,0,11,4,2,1,249,21,64,21,26,117,442,2,123,188,91,38,691,23,187,209,117,155
"4237","140982109",1,726,431,6,76,193,113,43,12,0,9,3,0,0,283,30,54,14,31,154,443,6,85,196,113,43,726,36,139,210,144,197
"4238","140981903",1,848,541,25,165,227,97,27,43,7,18,12,5,1,264,58,59,34,37,76,584,32,183,239,102,28,848,90,242,273,139,104
"4239","140982402",1,383,197,2,35,90,49,21,8,0,6,2,0,0,178,13,70,7,18,70,205,2,41,92,49,21,383,15,111,99,67,91
"4240","140982404",1,710,498,8,145,198,106,41,16,0,13,3,0,0,196,27,52,13,29,75,514,8,158,201,106,41,710,35,210,214,135,116
"4241","140982403",1,310,157,2,40,66,38,11,7,0,2,3,2,0,146,21,29,21,28,47,164,2,42,69,40,11,310,23,71,90,68,58
"4242","140982204",1,556,372,14,94,171,76,17,31,3,15,8,5,0,153,28,30,27,20,48,403,17,109,179,81,17,556,45,139,206,101,65
"4243","140982410",1,619,335,2,75,148,89,21,28,0,13,5,7,3,256,38,55,12,33,118,363,2,88,153,96,24,619,40,143,165,129,142
"4244","140982412",1,707,468,13,112,183,107,53,10,0,4,5,0,1,229,27,37,18,27,120,478,13,116,188,107,54,707,40,153,206,134,174
"4245","140982409",1,636,392,3,105,163,93,28,7,0,4,3,0,0,237,28,56,8,32,113,399,3,109,166,93,28,636,31,165,174,125,141
"4246","140982407",1,351,211,1,78,69,39,24,10,0,10,0,0,0,130,6,47,7,23,47,221,1,88,69,39,24,351,7,135,76,62,71
"4247","140982202",1,964,622,6,133,276,166,41,17,0,8,4,3,2,325,51,92,22,55,105,639,6,141,280,169,43,964,57,233,302,224,148
"4248","140982408",1,356,234,4,52,99,48,31,6,0,5,0,1,0,116,9,20,5,17,65,240,4,57,99,49,31,356,13,77,104,66,96
"4249","140982406",1,731,466,3,148,203,87,25,25,2,18,5,0,0,240,33,67,16,27,97,491,5,166,208,87,25,731,38,233,224,114,122
"4250","140982405",1,676,408,6,126,152,94,30,33,1,18,6,5,3,235,20,48,12,39,116,441,7,144,158,99,33,676,27,192,170,138,149
"4251","140981909",1,529,308,13,79,124,65,27,12,0,7,3,1,1,209,21,27,40,32,89,320,13,86,127,66,28,529,34,113,167,98,117
"4252","140982501",1,702,412,9,104,176,96,27,21,2,11,5,2,1,269,30,33,27,49,130,433,11,115,181,98,28,702,41,148,208,147,158
"4253","140982203",1,860,564,15,97,313,106,33,18,0,9,4,3,2,278,66,59,29,32,92,582,15,106,317,109,35,860,81,165,346,141,127
"4254","140981910",1,512,334,9,85,148,67,25,18,1,9,8,0,0,160,25,27,18,29,61,352,10,94,156,67,25,512,35,121,174,96,86
"4255","140982413",1,703,401,1,92,186,90,32,13,1,6,2,4,0,289,28,49,20,38,154,414,2,98,188,94,32,703,30,147,208,132,186
"4256","140982416",1,616,371,4,96,151,100,20,22,0,14,5,3,0,223,19,58,14,28,104,393,4,110,156,103,20,616,23,168,170,131,124
"4257","140982415",1,474,292,1,72,103,75,41,14,0,7,4,3,0,168,13,39,11,35,70,306,1,79,107,78,41,474,14,118,118,113,111
"4258","140981907",1,577,339,16,104,135,67,17,29,1,17,7,4,0,209,45,49,40,37,38,368,17,121,142,71,17,577,62,170,182,108,55
"4259","140981911",1,728,425,17,110,176,89,33,43,3,21,14,5,0,260,45,25,36,42,112,468,20,131,190,94,33,728,65,156,226,136,145
"4260","140982417",1,657,448,9,113,167,116,43,19,0,7,6,4,2,190,30,29,9,36,86,467,9,120,173,120,45,657,39,149,182,156,131
"4261","140982414",1,759,456,6,110,178,130,32,15,0,7,3,5,0,288,53,44,21,33,137,471,6,117,181,135,32,759,59,161,202,168,169
"4262","140981908",1,668,372,14,109,155,72,22,50,4,21,18,6,1,246,51,45,46,30,74,422,18,130,173,78,23,668,69,175,219,108,97
"4263","140982207",1,892,569,12,140,281,127,9,41,4,20,11,6,0,282,63,72,37,53,57,610,16,160,292,133,9,892,79,232,329,186,66
"4264","140981912",1,830,489,11,145,188,112,33,19,0,8,5,6,0,322,61,63,48,44,106,508,11,153,193,118,33,830,72,216,241,162,139
"4265","140982420",1,798,464,4,87,200,138,35,9,0,3,3,3,0,325,35,53,21,44,172,473,4,90,203,141,35,798,39,143,224,185,207
"4266","140982419",1,348,193,1,42,86,49,15,3,0,2,1,0,0,152,17,26,9,22,78,196,1,44,87,49,15,348,18,70,96,71,93
"4267","140982418",1,498,292,4,52,127,78,31,16,2,7,2,4,1,190,18,36,8,27,101,308,6,59,129,82,32,498,24,95,137,109,133
"4268","140982301",1,815,472,3,96,206,119,48,13,0,7,2,2,2,330,38,54,28,41,169,485,3,103,208,121,50,815,41,157,236,162,219
"4269","140982502",1,869,539,8,142,232,105,52,28,3,16,7,1,1,302,31,44,27,56,144,567,11,158,239,106,53,869,42,202,266,162,197
"4270","140981906",1,630,379,16,121,152,74,16,45,6,16,13,8,2,206,48,44,35,25,54,424,22,137,165,82,18,630,70,181,200,107,72
"4271","140982503",1,704,466,6,128,177,121,34,23,1,13,6,3,0,215,25,43,20,41,86,489,7,141,183,124,34,704,32,184,203,165,120
"4272","140981905",1,568,325,19,94,135,59,18,48,2,28,12,3,3,195,38,34,42,34,47,373,21,122,147,62,21,568,59,156,189,96,68
"4273","140982601",1,700,444,10,104,201,102,27,29,0,15,11,3,0,227,44,21,20,35,107,473,10,119,212,105,27,700,54,140,232,140,134
"4274","140982206",1,887,535,1,104,241,143,46,26,0,16,7,3,0,326,48,63,29,65,121,561,1,120,248,146,46,887,49,183,277,211,167
"4275","140982302",1,627,416,7,82,189,113,25,15,0,8,4,3,0,196,25,32,19,38,82,431,7,90,193,116,25,627,32,122,212,154,107
"4276","140982205",1,968,565,7,105,256,154,43,23,0,11,6,5,1,380,58,60,37,77,148,588,7,116,262,159,44,968,65,176,299,236,192
"4277","140982421",1,578,325,1,76,152,75,21,11,0,4,6,1,0,242,36,37,16,38,115,336,1,80,158,76,21,578,37,117,174,114,136
"4278","140982505",1,959,586,13,163,257,116,37,29,0,19,5,4,1,344,88,46,45,69,96,615,13,182,262,120,38,959,101,228,307,189,134
"4279","140982506",1,954,504,20,143,214,105,22,62,1,30,18,9,4,388,59,60,60,57,152,566,21,173,232,114,26,954,80,233,292,171,178
"4280","140982303",1,550,342,7,97,152,66,20,16,0,6,7,3,0,192,31,33,23,29,76,358,7,103,159,69,20,550,38,136,182,98,96
"4281","140982504",1,694,456,20,100,206,90,40,14,2,6,3,2,1,224,45,21,31,40,87,470,22,106,209,92,41,694,67,127,240,132,128
"4282","140982604",1,900,589,21,155,234,129,50,29,2,11,11,5,0,282,50,45,34,45,108,618,23,166,245,134,50,900,73,211,279,179,158
"4283","140982510",1,612,350,4,86,153,90,17,21,1,6,9,3,2,241,37,53,31,43,77,371,5,92,162,93,19,612,42,145,193,136,96
"4284","140982304",1,1022,618,5,135,297,137,44,34,3,20,7,4,0,370,71,65,42,66,126,652,8,155,304,141,44,1022,79,220,346,207,170
"4285","140982507",1,951,523,17,140,250,95,21,77,11,33,24,7,2,351,84,77,86,51,53,600,28,173,274,102,23,951,112,250,360,153,76
"4286","140982306",1,590,352,10,77,166,77,22,19,2,7,8,2,0,219,28,24,21,33,113,371,12,84,174,79,22,590,40,108,195,112,135
"4287","140982509",1,602,394,17,111,154,93,19,28,1,12,8,7,0,180,32,29,23,37,59,422,18,123,162,100,19,602,50,152,185,137,78
"4288","140982305",1,404,266,4,57,111,64,30,15,2,7,6,0,0,123,17,18,9,16,63,281,6,64,117,64,30,404,23,82,126,80,93
"4289","140982508",1,897,560,20,174,240,110,16,48,3,27,14,4,0,289,90,67,59,32,41,608,23,201,254,114,16,897,113,268,313,146,57
"4290","140982511",1,1170,745,24,197,309,178,37,74,6,39,16,8,5,351,83,75,51,63,79,819,30,236,325,186,42,1170,113,311,376,249,121
"4291","140982309",1,672,438,9,126,193,89,21,23,3,10,8,2,0,211,51,41,32,18,69,461,12,136,201,91,21,672,63,177,233,109,90
"4292","140982512",1,1101,639,41,197,257,118,26,52,5,24,16,6,1,410,74,100,80,56,100,691,46,221,273,124,27,1101,120,321,353,180,127
"4293","140982307",1,476,304,8,75,115,77,29,24,1,15,5,3,0,148,23,25,19,21,60,328,9,90,120,80,29,476,32,115,139,101,89
"4294","140980804",1,163,109,5,20,50,26,8,1,0,1,0,0,0,53,9,13,14,8,9,110,5,21,50,26,8,163,14,34,64,34,17
"4295","140982612",1,775,481,23,121,255,76,6,64,7,33,20,4,0,230,73,48,44,26,39,545,30,154,275,80,6,775,103,202,319,106,45
"4296","140982602",1,721,452,12,115,185,99,41,14,0,6,6,2,0,255,34,49,22,43,107,466,12,121,191,101,41,721,46,170,213,144,148
"4297","140982308",1,827,496,15,116,215,111,39,41,1,22,13,5,0,290,41,49,29,54,117,537,16,138,228,116,39,827,57,187,257,170,156
"4298","140982603",1,1149,729,16,179,360,141,33,54,1,28,15,5,5,366,93,59,60,58,96,783,17,207,375,146,38,1149,110,266,435,204,134
"4299","140982210",1,851,531,27,183,214,94,13,37,4,12,11,8,2,283,66,76,61,37,43,568,31,195,225,102,15,851,97,271,286,139,58
"4300","140982208",1,869,545,21,173,210,121,20,28,3,11,12,2,0,296,74,73,57,45,47,573,24,184,222,123,20,869,98,257,279,168,67
"4301","140982613",1,474,316,13,87,169,38,9,11,3,5,3,0,0,147,49,25,34,16,23,327,16,92,172,38,9,474,65,117,206,54,32
"4302","140982610",1,680,427,33,122,200,54,18,33,4,13,10,5,1,220,74,43,44,35,24,460,37,135,210,59,19,680,111,178,254,94,43
"4303","141820509",1,492,304,5,86,123,69,21,8,1,6,0,1,0,180,30,51,14,30,55,312,6,92,123,70,21,492,36,143,137,100,76
"4304","140982209",1,670,432,19,113,185,99,16,48,6,17,14,9,2,190,49,41,41,33,26,480,25,130,199,108,18,670,74,171,240,141,44
"4305","140982310",1,675,432,11,111,188,99,23,25,0,11,10,4,0,218,42,59,40,31,46,457,11,122,198,103,23,675,53,181,238,134,69
"4306","141820511",1,722,425,12,104,187,93,29,10,2,6,2,0,0,287,50,51,27,36,123,435,14,110,189,93,29,722,64,161,216,129,152
"4307","140982611",1,668,399,24,114,184,62,15,67,8,25,24,9,1,202,52,47,27,30,46,466,32,139,208,71,16,668,84,186,235,101,62
"4308","140982605",1,774,499,18,140,222,103,16,46,2,27,13,2,2,229,61,36,47,29,56,545,20,167,235,105,18,774,81,203,282,134,74
"4309","140982606",1,624,416,16,99,191,86,24,26,2,14,3,4,3,182,30,37,24,35,56,442,18,113,194,90,27,624,48,150,218,125,83
"4310","140982311",1,696,463,22,139,161,119,22,37,5,14,8,7,3,196,38,44,33,37,44,500,27,153,169,126,25,696,65,197,202,163,69
"4311","141820510",1,387,232,5,51,102,61,13,4,0,1,1,2,0,151,15,25,17,18,76,236,5,52,103,63,13,387,20,77,120,81,89
"4312","140982312",1,1106,685,11,170,291,177,36,38,4,16,13,3,2,383,76,59,37,69,142,723,15,186,304,180,38,1106,91,245,341,249,180
"4313","140980807",1,369,171,2,34,75,53,7,20,1,7,11,1,0,178,29,18,23,32,76,191,3,41,86,54,7,369,32,59,109,86,83
"4314","140982607",1,749,505,13,129,225,109,29,32,5,15,7,5,0,212,27,40,33,42,70,537,18,144,232,114,29,749,45,184,265,156,99
"4315","140982314",1,582,395,16,82,227,54,16,36,2,15,17,1,1,151,52,21,28,16,34,431,18,97,244,55,17,582,70,118,272,71,51
"4316","140982313",1,828,540,13,134,237,120,36,27,2,16,3,5,1,261,45,40,47,38,91,567,15,150,240,125,37,828,60,190,287,163,128
"4317","140982211",1,735,466,34,150,198,66,18,71,8,29,28,6,0,198,57,51,40,24,26,537,42,179,226,72,18,735,99,230,266,96,44
"4318","141820512",1,585,383,13,113,167,81,9,9,2,6,0,0,1,193,38,38,36,35,46,392,15,119,167,81,10,585,53,157,203,116,56
"4319","140982608",1,818,503,18,120,238,98,29,35,0,15,11,8,1,280,51,55,53,45,76,538,18,135,249,106,30,818,69,190,302,151,106
"4320","140982609",1,647,436,14,121,216,65,20,30,1,16,8,4,1,181,53,32,44,29,23,466,15,137,224,69,21,647,68,169,268,98,44
"4321","140981007",1,140,100,4,29,35,29,3,3,0,3,0,0,0,37,6,13,11,5,2,103,4,32,35,29,3,140,10,45,46,34,5
"4322","140982212",1,572,370,14,116,141,86,13,31,3,14,8,4,2,171,38,32,38,20,43,401,17,130,149,90,15,572,55,162,187,110,58
"4323","140980902",1,365,233,4,37,101,60,31,4,0,2,1,0,1,128,25,19,30,25,29,237,4,39,102,60,32,365,29,58,132,85,61
"4324","140630413",1,740,440,10,94,173,113,50,10,0,7,1,2,0,290,40,49,41,38,122,450,10,101,174,115,50,740,50,150,215,153,172
"4325","140981106",1,226,149,7,33,55,39,15,1,0,0,1,0,0,76,16,16,17,11,16,150,7,33,56,39,15,226,23,49,73,50,31
"4326","140630415",1,536,320,17,75,141,76,11,17,3,8,6,0,0,199,41,33,36,34,55,337,20,83,147,76,11,536,61,116,183,110,66
"4327","140630701",1,216,141,3,38,55,31,14,6,1,1,3,1,0,69,10,16,14,12,17,147,4,39,58,32,14,216,14,55,72,44,31
"4328","140980808",1,616,325,3,73,139,90,20,13,2,6,3,1,1,278,34,40,28,46,130,338,5,79,142,91,21,616,39,119,170,137,151
"4329","140630414",1,597,355,9,88,153,83,22,8,2,3,1,1,1,234,38,45,18,30,103,363,11,91,154,84,23,597,49,136,172,114,126
"4330","140630607",1,612,348,6,81,150,88,23,9,1,3,3,2,0,255,44,21,31,34,125,357,7,84,153,90,23,612,51,105,184,124,148
"4331","140630609",1,699,407,16,110,174,86,21,8,1,4,3,0,0,284,40,47,46,52,99,415,17,114,177,86,21,699,57,161,223,138,120
"4332","141820507",1,42,32,4,14,6,8,0,0,0,0,0,0,0,10,0,6,2,2,0,32,4,14,6,8,0,42,4,20,8,10,0
"4333","140980809",1,453,239,12,70,93,50,14,16,1,6,6,2,1,198,30,30,34,35,69,255,13,76,99,52,15,453,43,106,133,87,84
"4334","140630702",1,109,67,0,13,25,20,9,0,0,0,0,0,0,42,5,9,10,11,7,67,0,13,25,20,9,109,5,22,35,31,16
"4335","140630608",1,487,266,1,48,111,58,48,2,0,0,2,0,0,219,34,30,21,37,97,268,1,48,113,58,48,487,35,78,134,95,145
"4336","140980810",1,355,178,10,40,84,37,7,16,0,6,5,4,1,161,37,27,19,34,44,194,10,46,89,41,8,355,47,73,108,75,52
"4337","141820513",1,556,346,12,102,132,82,18,24,2,14,6,1,1,186,26,31,34,41,54,370,14,116,138,83,19,556,40,147,172,124,73
"4338","141820515",1,570,337,10,69,148,83,27,7,0,3,2,1,1,226,27,43,24,30,102,344,10,72,150,84,28,570,37,115,174,114,130
"4339","140630611",1,690,399,3,84,185,96,31,18,3,10,4,0,1,273,35,56,35,53,94,417,6,94,189,96,32,690,41,150,224,149,126
"4340","140630610",1,548,322,3,63,133,82,41,10,1,3,3,3,0,216,25,35,16,41,99,332,4,66,136,85,41,548,29,101,152,126,140
"4341","141820514",1,449,264,3,72,98,66,25,13,1,6,3,2,1,172,22,28,19,31,72,277,4,78,101,68,26,449,26,106,120,99,98
"4342","141820516",1,584,328,12,104,134,71,7,22,4,8,7,3,0,234,46,60,38,39,51,350,16,112,141,74,7,584,62,172,179,113,58
"4343","141820520",1,495,284,5,63,126,71,19,6,0,4,0,1,1,205,18,34,20,40,93,290,5,67,126,72,20,495,23,101,146,112,113
"4344","140630613",1,701,409,11,102,173,106,17,24,3,6,6,7,2,268,35,40,38,45,110,433,14,108,179,113,19,701,49,148,217,158,129
"4345","140630612",1,481,248,5,47,97,69,30,6,1,4,1,0,0,227,26,25,20,37,119,254,6,51,98,69,30,481,32,76,118,106,149
"4346","141820517",1,379,209,5,53,102,37,12,6,0,5,0,1,0,164,23,27,23,28,63,215,5,58,102,38,12,379,28,85,125,66,75
"4347","141820521",1,530,271,12,66,125,59,9,20,4,7,8,1,0,239,40,36,34,46,83,291,16,73,133,60,9,530,56,109,167,106,92
"4348","141820519",1,321,197,8,38,74,51,26,4,0,2,1,1,0,120,13,15,15,16,61,201,8,40,75,52,26,321,21,55,90,68,87
"4349","141820518",1,816,439,8,121,213,75,22,9,1,5,1,0,2,368,30,99,28,53,158,448,9,126,214,75,24,816,39,225,242,128,182
"4350","140560615",1,629,350,14,83,155,82,16,26,3,7,13,3,0,253,45,54,33,42,79,376,17,90,168,85,16,629,62,144,201,127,95
"4351","140981102",1,226,131,4,38,58,21,10,1,0,0,1,0,0,94,15,16,20,25,18,132,4,38,59,21,10,226,19,54,79,46,28
"4352","140981009",1,395,197,4,47,91,44,11,16,2,8,4,2,0,182,41,39,52,18,32,213,6,55,95,46,11,395,47,94,147,64,43
"4353","140560617",1,664,388,5,92,182,87,22,10,2,5,3,0,0,266,58,58,26,32,92,398,7,97,185,87,22,664,65,155,211,119,114
"4354","140560404",1,31,21,0,8,9,3,1,0,0,0,0,0,0,10,1,4,0,3,2,21,0,8,9,3,1,31,1,12,9,6,3
"4355","140560407",1,919,531,11,155,220,115,30,23,1,14,7,0,1,365,62,83,56,52,112,554,12,169,227,115,31,919,74,252,283,167,143
"4356","140560616",1,562,349,13,79,137,95,25,2,0,1,1,0,0,211,39,36,29,34,73,351,13,80,138,95,25,562,52,116,167,129,98
"4357","140981108",1,99,60,5,12,24,15,4,2,0,2,0,0,0,37,4,7,10,7,9,62,5,14,24,15,4,99,9,21,34,22,13
"4358","141820606",1,14,7,0,2,2,3,0,0,0,0,0,0,0,7,2,1,2,0,2,7,0,2,2,3,0,14,2,3,4,3,2
"4359","141820607",1,751,428,9,97,195,90,37,11,1,6,2,1,1,312,55,51,41,39,126,439,10,103,197,91,38,751,65,154,238,130,164
"4360","140981010",1,476,272,2,73,116,63,18,7,1,5,1,0,0,197,28,35,32,39,63,279,3,78,117,63,18,476,31,113,149,102,81
"4361","140981013",1,709,407,14,93,179,100,21,17,2,6,5,4,0,285,52,57,52,52,72,424,16,99,184,104,21,709,68,156,236,156,93
"4362","141820608",1,444,266,9,74,100,69,14,5,0,2,2,1,0,173,20,26,24,37,66,271,9,76,102,70,14,444,29,102,126,107,80
"4363","140981011",1,765,418,14,130,184,75,15,34,3,14,13,4,0,313,54,61,64,42,92,452,17,144,197,79,15,765,71,205,261,121,107
"4364","140560408",1,361,189,10,54,66,43,16,22,0,11,9,1,1,150,33,29,31,23,34,211,10,65,75,44,17,361,43,94,106,67,51
"4365","140981012",1,522,272,6,78,102,75,11,20,3,9,3,4,1,230,31,39,36,44,80,292,9,87,105,79,12,522,40,126,141,123,92
"4366","140630605",1,56,33,1,8,14,8,2,0,0,0,0,0,0,23,3,4,6,4,6,33,1,8,14,8,2,56,4,12,20,12,8
"4367","140560406",1,69,59,2,16,27,10,4,1,0,0,1,0,0,9,1,5,0,1,2,60,2,16,28,10,4,69,3,21,28,11,6
"4368","140981105",1,78,40,0,7,20,8,5,2,1,1,0,0,0,36,7,2,12,5,10,42,1,8,20,8,5,78,8,10,32,13,15
"4369","140560605",1,64,46,2,12,23,8,1,0,0,0,0,0,0,18,5,6,2,1,4,46,2,12,23,8,1,64,7,18,25,9,5
"4370","141820605",1,89,46,0,10,18,15,3,0,0,0,0,0,0,43,5,8,16,8,6,46,0,10,18,15,3,89,5,18,34,23,9
"4371","140630604",1,86,54,0,20,15,15,4,1,0,0,1,0,0,31,6,7,6,6,6,55,0,20,16,15,4,86,6,27,22,21,10
"4372","141820609",1,1094,761,22,198,398,129,14,19,1,8,6,4,0,314,96,71,70,31,46,780,23,206,404,133,14,1094,119,277,474,164,60
"4373","141820610",1,597,323,8,92,140,68,15,20,3,4,7,6,0,254,48,41,36,36,93,343,11,96,147,74,15,597,59,137,183,110,108
"4374","141820611",1,464,253,6,46,107,65,29,7,1,2,3,0,1,204,32,25,29,36,82,260,7,48,110,65,30,464,39,73,139,101,112
"4375","141820615",1,684,395,13,75,166,104,37,4,0,0,2,1,1,285,46,30,32,53,124,399,13,75,168,105,38,684,59,105,200,158,162
"4376","141820612",1,782,510,16,158,204,110,22,9,1,3,4,0,1,263,56,43,31,41,92,519,17,161,208,110,23,782,73,204,239,151,115
"4377","141820616",1,530,332,15,96,153,52,16,3,1,1,0,1,0,195,40,36,43,30,46,335,16,97,153,53,16,530,56,133,196,83,62
"4378","141820614",1,319,190,2,46,62,48,32,1,0,1,0,0,0,128,8,21,7,21,71,191,2,47,62,48,32,319,10,68,69,69,103
"4379","141820613",1,510,318,7,68,145,66,32,2,0,1,0,0,1,190,26,23,23,40,78,320,7,69,145,66,33,510,33,92,168,106,111
"4380","140981107",1,166,102,4,27,32,33,6,3,0,1,1,1,0,61,7,14,10,16,14,105,4,28,33,34,6,166,11,42,43,50,20
"4381","141820618",1,292,189,8,42,95,39,5,1,0,1,0,0,0,102,14,20,17,17,34,190,8,43,95,39,5,292,22,63,112,56,39
"4382","141820617",1,469,269,3,77,108,69,12,8,1,4,2,1,0,192,32,27,24,32,77,277,4,81,110,70,12,469,36,108,134,102,89
"4383","140630704",1,66,41,1,12,12,9,7,1,0,0,1,0,0,24,6,6,3,4,5,42,1,12,13,9,7,66,7,18,16,13,12
"4384","140981008",1,166,110,4,19,47,35,5,4,2,2,0,0,0,52,9,15,14,6,8,114,6,21,47,35,5,166,15,36,61,41,13
"4385","140560604",1,40,26,0,5,9,8,4,0,0,0,0,0,0,14,0,5,4,4,1,26,0,5,9,8,4,40,0,10,13,12,5
"4386","140980806",1,179,110,2,23,48,31,6,0,0,0,0,0,0,69,13,10,21,15,10,110,2,23,48,31,6,179,15,33,69,46,16
"4387","140630706",1,651,426,12,85,222,88,19,9,3,2,4,0,0,216,42,47,36,31,60,435,15,87,226,88,19,651,57,134,262,119,79
"4388","140981014",1,623,289,5,71,127,68,18,22,2,13,5,2,0,312,61,51,54,58,88,311,7,84,132,70,18,623,68,135,186,128,106
"4389","140630707",1,567,323,3,68,144,87,21,17,1,7,5,4,0,227,32,31,21,48,95,340,4,75,149,91,21,567,36,106,170,139,116
"4390","140630708",1,663,357,2,66,149,104,36,10,1,7,2,0,0,296,28,50,27,42,149,367,3,73,151,104,36,663,31,123,178,146,185
"4391","140560405",1,86,46,0,14,20,9,3,3,0,2,1,0,0,37,10,6,6,4,11,49,0,16,21,9,3,86,10,22,27,13,14
"4392","140630709",1,684,367,4,76,163,99,25,8,0,7,1,0,0,309,48,50,32,55,124,375,4,83,164,99,25,684,52,133,196,154,149
"4393","140981109",1,648,359,16,79,159,86,19,24,3,8,9,4,0,265,56,42,55,39,73,383,19,87,168,90,19,648,75,129,223,129,92
"4394","140560603",1,65,29,0,2,17,9,1,0,0,0,0,0,0,36,10,6,7,3,10,29,0,2,17,9,1,65,10,8,24,12,11
"4395","140630711",1,557,324,26,94,131,63,10,15,1,7,3,4,0,218,50,52,43,35,38,339,27,101,134,67,10,557,77,153,177,102,48
"4396","140981110",1,453,262,9,74,112,54,13,18,0,12,3,3,0,173,25,34,24,27,63,280,9,86,115,57,13,453,34,120,139,84,76
"4397","140981103",1,50,43,2,9,20,9,3,0,0,0,0,0,0,7,0,0,3,1,3,43,2,9,20,9,3,50,2,9,23,10,6
"4398","140630710",1,303,177,8,51,73,37,8,8,1,4,2,1,0,118,30,28,22,15,23,185,9,55,75,38,8,303,39,83,97,53,31
"4399","140630703",1,73,49,0,10,24,12,3,0,0,0,0,0,0,24,1,7,9,5,2,49,0,10,24,12,3,73,1,17,33,17,5
"4400","140630614",1,352,198,10,51,76,53,8,5,2,0,3,0,0,149,22,33,30,20,44,203,12,51,79,53,8,352,34,84,109,73,52
"4401","140981111",1,625,315,6,68,136,78,27,19,2,8,6,3,0,291,37,46,41,52,115,334,8,76,142,81,27,625,45,122,183,133,142
"4402","141820701",1,57,36,2,10,16,5,3,0,0,0,0,0,0,21,3,9,3,5,1,36,2,10,16,5,3,57,5,19,19,10,4
"4403","140630801",1,64,49,4,12,19,11,3,1,1,0,0,0,0,14,6,2,3,1,2,50,5,12,19,11,3,64,11,14,22,12,5
"4404","140560501",1,51,47,1,13,16,11,6,0,0,0,0,0,0,4,2,1,0,1,0,47,1,13,16,11,6,51,3,14,16,12,6
"4405","140631301",1,830,501,20,146,209,109,17,36,0,15,12,8,1,293,70,70,36,38,79,537,20,161,221,117,18,830,90,231,257,155,97
"4406","140560606",1,55,41,2,14,21,4,0,1,0,1,0,0,0,13,3,2,5,1,2,42,2,15,21,4,0,55,5,17,26,5,2
"4407","140631302",1,489,313,13,93,135,63,9,22,3,5,5,7,2,154,30,30,24,23,47,335,16,98,140,70,11,489,46,128,164,93,58
"4408","140631304",1,584,367,7,92,151,90,27,8,1,5,1,0,1,209,38,25,23,32,91,375,8,97,152,90,28,584,46,122,175,122,119
"4409","140631303",1,789,449,8,121,197,100,23,16,3,7,4,1,1,324,48,40,33,55,148,465,11,128,201,101,24,789,59,168,234,156,172
"4410","140981104",1,44,27,0,5,12,6,4,1,0,1,0,0,0,16,1,2,5,6,2,28,0,6,12,6,4,44,1,8,17,12,6
"4411","140631305",1,996,651,22,163,283,160,23,21,1,6,9,4,1,324,64,57,41,47,115,672,23,169,292,164,24,996,87,226,333,211,139
"4412","141820619",1,259,150,5,39,64,34,8,7,0,1,4,2,0,102,21,19,22,15,25,157,5,40,68,36,8,259,26,59,90,51,33
"4413","140980903",1,149,92,3,23,34,22,10,1,0,0,1,0,0,56,6,14,16,11,9,93,3,23,35,22,10,149,9,37,51,33,19
"4414","140631306",1,611,356,5,71,163,91,26,5,0,1,2,1,1,250,27,24,19,39,141,361,5,72,165,92,27,611,32,96,184,131,168
"4415","140631307",1,369,201,3,41,89,56,12,7,0,3,2,2,0,161,12,22,10,25,92,208,3,44,91,58,12,369,15,66,101,83,104
"4416","140631308",1,543,280,4,55,129,70,22,14,0,6,5,3,0,249,30,25,21,36,137,294,4,61,134,73,22,543,34,86,155,109,159
"4417","140631309",1,712,390,5,67,179,97,42,7,1,4,1,0,1,315,35,40,21,43,176,397,6,71,180,97,43,712,41,111,201,140,219
"4418","140630606",1,72,46,0,9,22,9,6,1,0,1,0,0,0,25,2,4,6,4,9,47,0,10,22,9,6,72,2,14,28,13,15
"4419","140631310",1,352,229,2,49,116,55,7,4,0,0,3,1,0,119,27,23,17,26,26,233,2,49,119,56,7,352,29,72,136,82,33
"4420","140631312",1,474,300,8,71,137,66,18,3,0,2,0,1,0,171,25,25,14,24,83,303,8,73,137,67,18,474,33,98,151,91,101
"4421","140631311",1,517,294,5,57,134,81,17,2,0,2,0,0,0,221,24,37,18,43,99,296,5,59,134,81,17,517,29,96,152,124,116
"4422","140631313",1,453,289,3,69,150,58,9,17,2,9,3,3,0,147,33,23,21,24,46,306,5,78,153,61,9,453,38,101,174,85,55
"4423","140631314",1,685,429,8,83,228,90,20,5,0,3,1,1,0,251,55,51,28,40,77,434,8,86,229,91,20,685,63,137,257,131,97
"4424","140980805",1,44,36,2,11,12,7,4,0,0,0,0,0,0,8,1,2,2,1,2,36,2,11,12,7,4,44,3,13,14,8,6
"4425","140630615",1,574,393,10,91,183,94,15,6,1,3,1,1,0,175,25,29,26,38,57,399,11,94,184,95,15,574,36,123,210,133,72
"4426","140560413",1,740,423,12,112,191,97,11,12,0,5,3,4,0,305,66,60,53,42,84,435,12,117,194,101,11,740,78,177,247,143,95
"4427","140560415",1,629,406,10,92,197,70,37,5,0,3,2,0,0,218,42,40,24,34,78,411,10,95,199,70,37,629,52,135,223,104,115
"4428","140560412",1,426,276,10,56,153,45,12,8,0,2,4,2,0,142,32,23,20,17,50,284,10,58,157,47,12,426,42,81,177,64,62
"4429","140630705",1,94,64,3,25,26,6,4,0,0,0,0,0,0,30,6,11,8,3,2,64,3,25,26,6,4,94,9,36,34,9,6
"4430","140560414",1,666,432,9,102,183,96,42,7,0,3,3,1,0,227,36,28,26,39,98,439,9,105,186,97,42,666,45,133,212,136,140
"4431","140560410",1,528,310,11,106,136,44,13,15,1,10,1,2,1,203,50,41,39,26,47,325,12,116,137,46,14,528,62,157,176,72,61
"4432","140560411",1,500,311,5,81,142,58,25,11,1,9,1,0,0,178,29,30,18,28,73,322,6,90,143,58,25,500,35,120,161,86,98
"4433","140630802",1,73,53,0,14,16,11,12,0,0,0,0,0,0,20,5,6,6,2,1,53,0,14,16,11,12,73,5,20,22,13,13
"4434","140980904",1,501,298,17,93,120,56,12,8,0,3,4,1,0,195,45,37,44,21,48,306,17,96,124,57,12,501,62,133,168,78,60
"4435","141820704",1,61,47,1,11,21,12,2,1,0,1,0,0,0,13,2,5,2,2,2,48,1,12,21,12,2,61,3,17,23,14,4
"4436","140560607",1,68,38,1,8,17,9,3,3,1,1,0,1,0,27,4,3,8,5,7,41,2,9,17,10,3,68,6,12,25,15,10
"4437","140560409",1,539,329,8,94,147,68,12,9,0,6,2,1,0,201,32,35,30,35,69,338,8,100,149,69,12,539,40,135,179,104,81
"4438","140560502",1,48,28,2,5,11,7,3,0,0,0,0,0,0,20,1,8,5,3,3,28,2,5,11,7,3,48,3,13,16,10,6
"4439","140980909",1,631,334,10,68,169,75,12,9,0,5,3,1,0,288,56,50,40,46,96,343,10,73,172,76,12,631,66,123,212,122,108
"4440","140980908",1,525,255,4,45,123,63,20,7,1,4,1,1,0,263,32,31,29,46,125,262,5,49,124,64,20,525,37,80,153,110,145
"4441","140980907",1,530,282,3,47,124,78,30,7,0,4,1,2,0,241,30,29,22,45,115,289,3,51,125,80,30,530,33,80,147,125,145
"4442","140980905",1,509,304,6,64,154,64,16,3,0,1,2,0,0,202,38,32,38,26,68,307,6,65,156,64,16,509,44,97,194,90,84
"4443","140980910",1,518,296,8,70,129,76,13,7,0,3,3,1,0,215,34,43,25,40,73,303,8,73,132,77,13,518,42,116,157,117,86
"4444","140980912",1,856,475,11,126,195,115,28,12,0,6,2,3,1,369,57,55,66,65,126,487,11,132,197,118,29,856,68,187,263,183,155
"4445","140980906",1,596,318,3,59,178,70,8,19,0,9,5,5,0,259,46,44,42,44,83,337,3,68,183,75,8,596,49,112,225,119,91
"4446","140980913",1,583,267,7,59,102,82,17,13,1,7,3,1,1,303,24,32,36,46,165,280,8,66,105,83,18,583,32,98,141,129,183
"4447","140980914",1,602,306,7,68,132,84,15,14,0,7,4,2,1,282,36,41,40,43,122,320,7,75,136,86,16,602,43,116,176,129,138
"4448","140980911",1,276,170,3,50,53,58,6,6,0,3,0,3,0,100,14,10,16,31,29,176,3,53,53,61,6,276,17,63,69,92,35
"4449","140630803",1,96,55,1,18,11,20,5,0,0,0,0,0,0,41,3,9,5,11,13,55,1,18,11,20,5,96,4,27,16,31,18
"4450","140560608",1,112,65,1,21,28,12,3,1,0,0,1,0,0,46,8,11,5,9,13,66,1,21,29,12,3,112,9,32,34,21,16
"4451","140560618",1,410,220,9,57,106,38,10,8,0,3,2,3,0,182,27,33,27,30,65,228,9,60,108,41,10,410,36,93,135,71,75
"4452","140560609",1,185,124,3,31,53,23,14,0,0,0,0,0,0,61,14,12,10,11,14,124,3,31,53,23,14,185,17,43,63,34,28
"4453","141820703",1,109,74,4,13,34,20,3,0,0,0,0,0,0,35,6,10,9,6,4,74,4,13,34,20,3,109,10,23,43,26,7
"4454","140560701",1,519,319,5,75,151,63,25,10,0,4,3,3,0,190,28,26,21,24,91,329,5,79,154,66,25,519,33,105,175,90,116
"4455","140560702",1,495,295,8,77,133,64,13,5,0,2,2,1,0,195,31,25,16,33,90,300,8,79,135,65,13,495,39,104,151,98,103
"4456","140560703",1,724,444,12,112,207,102,11,17,2,10,5,0,0,263,56,61,46,38,62,461,14,122,212,102,11,724,70,183,258,140,73
"4457","140980811",1,233,120,5,30,54,22,9,4,0,2,2,0,0,109,12,24,17,19,37,124,5,32,56,22,9,233,17,56,73,41,46
"4458","140981204",1,318,185,4,51,79,42,9,3,0,2,1,0,0,130,20,33,33,28,16,188,4,53,80,42,9,318,24,86,113,70,25
"4459","140560705",1,443,259,4,63,123,61,8,1,0,1,0,0,0,183,35,25,18,36,69,260,4,64,123,61,8,443,39,89,141,97,77
"4460","141820702",1,167,93,6,24,33,23,7,3,0,1,1,1,0,71,10,14,18,15,14,96,6,25,34,24,7,167,16,39,52,39,21
"4461","140560714",1,471,263,5,57,102,77,22,7,0,2,3,1,1,201,34,21,21,24,101,270,5,59,105,78,23,471,39,80,126,102,124
"4462","140560704",1,594,362,10,96,160,77,19,7,0,0,3,3,1,225,62,32,31,23,77,369,10,96,163,80,20,594,72,128,194,103,97
"4463","140560706",1,781,455,6,109,192,124,24,14,3,6,5,0,0,312,78,54,40,41,99,469,9,115,197,124,24,781,87,169,237,165,123
"4464","140560707",1,475,260,3,50,125,63,19,10,1,2,5,2,0,205,47,19,15,29,95,270,4,52,130,65,19,475,51,71,145,94,114
"4465","140560712",1,1040,654,27,200,283,116,28,47,3,21,17,6,0,339,85,62,64,47,81,701,30,221,300,122,28,1040,115,283,364,169,109
"4466","140560708",1,788,453,10,83,229,89,42,16,0,12,2,2,0,319,66,38,38,46,131,469,10,95,231,91,42,788,76,133,269,137,173
"4467","140560709",1,891,521,15,110,246,127,23,18,1,4,8,4,1,352,65,59,47,56,125,539,16,114,254,131,24,891,81,173,301,187,149
"4468","140981205",1,83,59,3,17,23,11,5,2,1,0,1,0,0,22,3,6,5,5,3,61,4,17,24,11,5,83,7,23,29,16,8
"4469","140560711",1,834,517,15,139,225,106,32,29,3,15,7,4,0,288,47,57,40,42,102,546,18,154,232,110,32,834,65,211,272,152,134
"4470","140560710",1,550,370,6,89,174,92,9,17,3,6,5,3,0,163,36,26,33,34,34,387,9,95,179,95,9,550,45,121,212,129,43
"4471","140560713",1,781,478,24,150,205,83,16,30,4,15,7,4,0,273,65,52,47,43,66,508,28,165,212,87,16,781,93,217,259,130,82
"4472","140981201",1,183,133,6,31,61,26,9,1,1,0,0,0,0,49,6,11,17,8,7,134,7,31,61,26,9,183,13,42,78,34,16
"4473","140560610",1,96,69,3,19,30,12,5,2,1,0,1,0,0,25,3,4,9,4,5,71,4,19,31,12,5,96,7,23,40,16,10
"4474","140560504",1,108,82,3,22,37,18,2,0,0,0,0,0,0,26,3,12,6,2,3,82,3,22,37,18,2,108,6,34,43,20,5
"4475","140981303",1,109,67,3,14,24,15,11,0,0,0,0,0,0,42,4,8,15,9,6,67,3,14,24,15,11,109,7,22,39,24,17
"4476","140560503",1,37,26,1,8,7,5,5,0,0,0,0,0,0,11,0,4,3,0,4,26,1,8,7,5,5,37,1,12,10,5,9
"4477","140981203",1,277,187,7,54,88,32,6,5,0,3,2,0,0,85,16,30,21,9,9,192,7,57,90,32,6,277,23,87,111,41,15
"4478","140630804",1,122,81,3,18,40,14,6,0,0,0,0,0,0,41,9,8,14,5,5,81,3,18,40,14,6,122,12,26,54,19,11
"4479","141820705",1,107,82,8,16,25,29,4,0,0,0,0,0,0,25,5,6,11,2,1,82,8,16,25,29,4,107,13,22,36,31,5
"4480","140981301",1,102,68,2,20,24,19,3,0,0,0,0,0,0,34,4,9,10,8,3,68,2,20,24,19,3,102,6,29,34,27,6
"4481","140981302",1,111,74,1,20,30,19,4,0,0,0,0,0,0,37,7,6,12,9,3,74,1,20,30,19,4,111,8,26,42,28,7
"4482","140981206",1,261,144,8,42,62,25,7,6,2,2,2,0,0,111,18,31,15,18,29,150,10,44,64,25,7,261,28,75,79,43,36
"4483","140981210",1,440,259,9,51,115,67,17,7,2,2,3,0,0,174,32,26,13,21,82,266,11,53,118,67,17,440,43,79,131,88,99
"4484","140981209",1,420,229,7,47,97,58,20,8,1,2,4,1,0,183,19,28,28,24,84,237,8,49,101,59,20,420,27,77,129,83,104
"4485","140630807",1,365,247,13,71,94,52,17,6,1,2,2,0,1,112,21,26,17,21,27,253,14,73,96,52,18,365,35,99,113,73,45
"4486","140981207",1,666,469,20,126,199,104,20,3,1,1,0,0,1,194,37,42,27,37,51,472,21,127,199,104,21,666,58,169,226,141,72
"4487","140981312",1,787,418,12,89,199,85,33,17,1,8,7,1,0,352,69,37,50,68,128,435,13,97,206,86,33,787,82,134,256,154,161
"4488","140981208",1,529,292,4,69,130,68,21,3,1,0,2,0,0,234,29,28,25,38,114,295,5,69,132,68,21,529,34,97,157,106,135
"4489","140981211",1,419,232,7,52,103,47,23,5,0,3,1,0,1,182,35,38,26,27,56,237,7,55,104,47,24,419,42,93,130,74,80
"4490","140630810",1,541,314,2,55,149,82,26,4,0,3,1,0,0,223,40,38,17,40,88,318,2,58,150,82,26,541,42,96,167,122,114
"4491","140630809",1,490,240,3,44,120,62,11,5,0,3,2,0,0,245,24,43,29,42,107,245,3,47,122,62,11,490,27,90,151,104,118
"4492","140630808",1,585,291,7,51,135,84,14,6,0,5,0,1,0,288,41,58,26,53,110,297,7,56,135,85,14,585,48,114,161,138,124
"4493","140560612",1,140,93,3,31,43,10,6,1,1,0,0,0,0,46,5,16,10,4,11,94,4,31,43,10,6,140,9,47,53,14,17
"4494","140630811",1,470,259,8,43,120,73,15,7,0,2,4,1,0,204,40,41,30,26,67,266,8,45,124,74,15,470,48,86,154,100,82
"4495","140630805",1,44,32,0,8,12,6,6,0,0,0,0,0,0,12,2,1,4,1,4,32,0,8,12,6,6,44,2,9,16,7,10
"4496","140630812",1,457,243,4,45,113,52,29,5,0,3,2,0,0,209,35,29,28,32,85,248,4,48,115,52,29,457,39,77,143,84,114
"4497","140630806",1,45,33,0,6,8,14,5,1,0,0,1,0,0,11,0,3,0,3,5,34,0,6,9,14,5,45,0,9,9,17,10
"4498","140981311",1,544,316,11,88,148,52,17,19,0,6,7,5,1,209,41,44,45,28,51,335,11,94,155,57,18,544,52,138,200,85,69
"4499","141820707",1,309,194,13,53,70,49,9,5,1,1,0,3,0,110,15,22,32,13,28,199,14,54,70,52,9,309,29,76,102,65,37
"4500","140981304",1,104,82,2,21,32,16,11,1,0,1,0,0,0,21,3,7,3,3,5,83,2,22,32,16,11,104,5,29,35,19,16
"4501","140981202",1,224,164,10,39,64,42,9,1,0,0,0,1,0,59,9,13,14,10,13,165,10,39,64,43,9,224,19,52,78,53,22
"4502","140630901",1,54,31,0,10,11,10,0,0,0,0,0,0,0,23,0,1,3,10,9,31,0,10,11,10,0,54,0,11,14,20,9
"4503","141821301",1,732,440,10,115,190,110,15,8,1,1,3,3,0,284,51,45,32,54,102,448,11,116,193,113,15,732,62,161,225,167,117
"4504","141820708",1,126,81,4,27,29,16,5,1,0,1,0,0,0,44,8,13,13,4,6,82,4,28,29,16,5,126,12,41,42,20,11
"4505","140560611",1,125,70,1,17,36,11,5,0,0,0,0,0,0,55,5,16,12,15,7,70,1,17,36,11,5,125,6,33,48,26,12
"4506","141820706",1,80,62,1,13,30,13,5,1,0,0,1,0,0,17,4,4,7,2,0,63,1,13,31,13,5,80,5,17,38,15,5
"4507","141821302",1,713,426,10,105,186,108,17,11,1,8,2,0,0,276,47,49,47,49,84,437,11,113,188,108,17,713,58,162,235,157,101
"4508","140560505",1,21,14,0,6,3,5,0,0,0,0,0,0,0,7,0,2,3,1,1,14,0,6,3,5,0,21,0,8,6,6,1
"4509","141821303",1,516,267,4,44,116,80,23,6,0,3,2,1,0,243,25,36,20,30,132,273,4,47,118,81,23,516,29,83,138,111,155
"4510","141821304",1,639,391,8,86,157,109,31,4,0,1,2,1,0,244,38,33,31,36,106,395,8,87,159,110,31,639,46,120,190,146,137
"4511","141821306",1,571,331,13,67,155,77,19,13,1,5,3,2,2,227,42,33,28,36,88,344,14,72,158,79,21,571,56,105,186,115,109
"4512","141821305",1,442,253,3,54,101,69,26,8,0,3,5,0,0,181,16,28,14,28,95,261,3,57,106,69,26,442,19,85,120,97,121
"4513","141821307",1,660,376,12,91,189,73,11,14,0,7,3,4,0,270,66,55,38,32,79,390,12,98,192,77,11,660,78,153,230,109,90
"4514","140981308",1,66,62,3,13,26,14,6,0,0,0,0,0,0,4,1,2,0,1,0,62,3,13,26,14,6,66,4,15,26,15,6
"4515","141821309",1,356,209,5,50,94,48,12,1,0,0,0,1,0,146,21,26,19,19,61,210,5,50,94,49,12,356,26,76,113,68,73
"4516","141821310",1,400,198,11,46,82,42,17,5,0,4,1,0,0,197,31,29,36,23,78,203,11,50,83,42,17,400,42,79,119,65,95
"4517","141821308",1,286,175,15,58,78,18,6,16,3,8,3,2,0,95,22,23,19,18,13,191,18,66,81,20,6,286,40,89,100,38,19
"4518","141821311",1,618,355,13,115,137,78,12,23,2,10,5,6,0,240,60,44,47,30,59,378,15,125,142,84,12,618,75,169,189,114,71
"4519","140630904",1,138,80,1,17,30,26,6,4,0,2,1,1,0,54,6,10,12,7,19,84,1,19,31,27,6,138,7,29,43,34,25
"4520","141821312",1,614,361,19,90,163,72,17,20,0,12,7,1,0,233,52,60,34,23,64,381,19,102,170,73,17,614,71,162,204,96,81
"4521","140982801",1,952,585,10,161,241,140,33,15,0,8,3,3,1,352,69,70,49,58,106,600,10,169,244,143,34,952,79,239,293,201,140
"4522","140630902",1,97,57,2,13,20,19,3,0,0,0,0,0,0,40,6,5,8,8,13,57,2,13,20,19,3,97,8,18,28,27,16
"4523","140982805",1,495,281,17,83,111,56,14,42,10,13,14,3,2,172,24,28,31,38,51,323,27,96,125,59,16,495,51,124,156,97,67
"4524","140982806",1,589,381,17,131,179,47,7,25,3,13,7,1,1,183,55,40,36,19,33,406,20,144,186,48,8,589,75,184,222,67,41
"4525","140982802",1,763,440,3,105,197,115,20,15,0,9,4,1,1,308,53,53,42,61,99,455,3,114,201,116,21,763,56,167,243,177,120
"4526","140982807",1,589,368,28,110,147,66,17,21,4,6,11,0,0,200,41,40,33,26,60,389,32,116,158,66,17,589,73,156,191,92,77
"4527","140982804",1,424,236,5,52,104,51,24,10,0,4,6,0,0,178,19,29,19,27,84,246,5,56,110,51,24,424,24,85,129,78,108
"4528","140982803",1,410,211,1,38,98,49,25,7,0,6,1,0,0,192,16,27,13,29,107,218,1,44,99,49,25,410,17,71,112,78,132
"4529","141820711",1,523,246,11,61,97,63,14,30,3,18,5,4,0,247,43,35,53,38,78,276,14,79,102,67,14,523,57,114,155,105,92
"4530","140982812",1,632,400,11,90,185,74,40,18,0,4,10,3,1,214,41,37,23,30,83,418,11,94,195,77,41,632,52,131,218,107,124
"4531","140982808",1,405,233,6,42,109,49,27,5,1,2,0,2,0,167,32,23,16,19,77,238,7,44,109,51,27,405,39,67,125,70,104
"4532","140982809",1,626,346,8,85,147,81,25,13,3,8,1,1,0,267,34,46,30,37,120,359,11,93,148,82,25,626,45,139,178,119,145
"4533","140982810",1,606,377,7,102,156,90,22,10,3,3,2,1,1,219,34,34,29,38,84,387,10,105,158,91,23,606,44,139,187,129,107
"4534","140982811",1,434,255,13,62,117,49,14,15,1,8,3,3,0,164,27,31,26,28,52,270,14,70,120,52,14,434,41,101,146,80,66
"4535","140982701",1,879,516,32,159,223,82,20,46,13,11,16,4,2,317,60,78,65,44,70,562,45,170,239,86,22,879,105,248,304,130,92
"4536","140981305",1,71,62,4,17,24,12,5,0,0,0,0,0,0,9,0,4,2,2,1,62,4,17,24,12,5,71,4,21,26,14,6
"4537","140982705",1,581,374,14,86,188,65,21,20,1,9,5,5,0,187,25,30,34,28,70,394,15,95,193,70,21,581,40,125,227,98,91
"4538","140982704",1,453,281,8,57,108,74,34,4,0,3,1,0,0,168,23,18,13,25,89,285,8,60,109,74,34,453,31,78,122,99,123
"4539","140982703",1,848,496,10,117,187,131,51,12,0,2,8,2,0,340,55,60,33,56,136,508,10,119,195,133,51,848,65,179,228,189,187
"4540","140982702",1,976,624,30,152,280,137,25,20,1,10,4,5,0,332,76,74,63,57,62,644,31,162,284,142,25,976,107,236,347,199,87
"4541","140982706",1,585,373,7,78,180,78,30,7,0,5,1,1,0,205,40,34,23,37,71,380,7,83,181,79,30,585,47,117,204,116,101
"4542","140630910",1,437,230,2,52,100,63,13,4,0,1,1,2,0,203,29,29,25,28,92,234,2,53,101,65,13,437,31,82,126,93,105
"4543","140982707",1,749,436,16,97,207,83,33,9,1,5,3,0,0,304,42,55,35,45,127,445,17,102,210,83,33,749,59,157,245,128,160
"4544","140630911",1,434,224,4,51,98,52,19,8,0,3,4,1,0,202,25,42,24,32,79,232,4,54,102,53,19,434,29,96,126,85,98
"4545","140630912",1,507,262,4,55,109,70,24,6,0,4,1,1,0,239,29,32,23,40,115,268,4,59,110,71,24,507,33,91,133,111,139
"4546","140630913",1,431,234,9,56,103,56,10,7,1,3,2,1,0,190,28,42,34,24,62,241,10,59,105,57,10,431,38,101,139,81,72
"4547","140560507",1,117,98,3,36,34,20,5,0,0,0,0,0,0,19,2,9,1,4,3,98,3,36,34,20,5,117,5,45,35,24,8
"4548","140981212",1,490,300,13,86,132,60,9,12,1,6,3,2,0,178,35,44,25,25,49,312,14,92,135,62,9,490,49,136,160,87,58
"4549","140982708",1,718,446,14,93,241,70,28,19,3,8,3,4,1,253,49,47,46,31,80,465,17,101,244,74,29,718,66,148,290,105,109
"4550","140630914",1,752,433,23,132,179,86,13,23,3,7,11,2,0,296,63,67,53,43,70,456,26,139,190,88,13,752,89,206,243,131,83
"4551","140630903",1,163,101,3,13,43,33,9,4,0,2,1,1,0,58,12,6,8,10,22,105,3,15,44,34,9,163,15,21,52,44,31
"4552","140981307",1,23,18,0,2,9,6,1,0,0,0,0,0,0,5,0,1,4,0,0,18,0,2,9,6,1,23,0,3,13,6,1
"4553","140981402",1,96,73,1,22,35,12,3,0,0,0,0,0,0,23,5,9,6,2,1,73,1,22,35,12,3,96,6,31,41,14,4
"4554","140630905",1,78,49,0,15,26,7,1,0,0,0,0,0,0,29,7,11,9,1,1,49,0,15,26,7,1,78,7,26,35,8,2
"4555","140560614",1,41,23,0,6,9,7,1,1,0,1,0,0,0,17,1,5,6,3,2,24,0,7,9,7,1,41,1,12,15,10,3
"4556","140560506",1,152,107,3,36,45,20,3,2,0,2,0,0,0,43,8,12,15,4,4,109,3,38,45,20,3,152,11,50,60,24,7
"4557","140630915",1,783,511,18,116,212,122,43,23,2,10,6,5,0,249,48,45,38,38,80,534,20,126,218,127,43,783,68,171,256,165,123
"4558","140560508",1,460,275,4,69,120,57,25,9,1,4,3,0,1,176,40,31,19,18,68,284,5,73,123,57,26,460,45,104,142,75,94
"4559","140630917",1,316,147,6,41,69,26,5,4,0,3,0,1,0,165,30,33,41,25,36,151,6,44,69,27,5,316,36,77,110,52,41
"4560","140630906",1,44,26,0,4,14,8,0,0,0,0,0,0,0,18,4,7,5,1,1,26,0,4,14,8,0,44,4,11,19,9,1
"4561","140560509",1,432,260,5,62,105,68,20,4,0,4,0,0,0,168,28,17,24,24,75,264,5,66,105,68,20,432,33,83,129,92,95
"4562","140560613",1,165,104,4,17,54,22,7,2,0,2,0,0,0,59,6,18,10,13,12,106,4,19,54,22,7,165,10,37,64,35,19
"4563","140630918",1,603,327,3,64,139,98,23,11,0,4,7,0,0,265,34,39,24,38,130,338,3,68,146,98,23,603,37,107,170,136,153
"4564","140630916",1,705,377,12,74,163,95,33,13,1,6,4,2,0,315,48,35,33,51,148,390,13,80,167,97,33,705,61,115,200,148,181
"4565","140630923",1,490,280,9,80,107,70,14,5,0,2,2,1,0,205,47,34,31,28,65,285,9,82,109,71,14,490,56,116,140,99,79
"4566","140630919",1,463,231,2,46,104,57,22,2,0,1,1,0,0,230,29,31,22,33,115,233,2,47,105,57,22,463,31,78,127,90,137
"4567","140630920",1,649,328,6,74,164,70,14,13,2,7,1,2,1,308,59,54,40,45,110,341,8,81,165,72,15,649,67,135,205,117,125
"4568","140630922",1,855,517,27,148,201,126,15,23,3,6,10,4,0,315,67,49,63,37,99,540,30,154,211,130,15,855,97,203,274,167,114
"4569","140630921",1,714,474,33,106,202,100,33,18,3,6,7,2,0,222,47,36,32,29,78,492,36,112,209,102,33,714,83,148,241,131,111
"4570","140630907",1,74,51,1,15,16,12,7,0,0,0,0,0,0,23,2,7,7,3,4,51,1,15,16,12,7,74,3,22,23,15,11
"4571","140981306",1,62,53,3,14,19,14,3,0,0,0,0,0,0,9,2,1,4,1,1,53,3,14,19,14,3,62,5,15,23,15,4
"4572","140981401",1,147,109,7,30,38,25,9,0,0,0,0,0,0,38,8,4,12,9,5,109,7,30,38,25,9,147,15,34,50,34,14
"4573","141820710",1,87,58,0,24,15,14,5,1,0,1,0,0,0,28,4,8,7,6,3,59,0,25,15,14,5,87,4,33,22,20,8
"4574","141820712",1,310,186,8,49,81,36,12,6,0,1,4,1,0,118,22,21,15,24,36,192,8,50,85,37,12,310,30,71,100,61,48
"4575","141820714",1,503,294,13,73,121,65,22,7,0,4,2,1,0,202,40,25,26,32,79,301,13,77,123,66,22,503,53,102,149,98,101
"4576","141820713",1,409,235,9,53,101,60,12,16,2,7,5,2,0,158,18,30,16,24,70,251,11,60,106,62,12,409,29,90,122,86,82
"4577","140630908",1,84,59,2,16,24,12,5,0,0,0,0,0,0,25,6,4,11,4,0,59,2,16,24,12,5,84,8,20,35,16,5
"4578","141820709",1,113,63,3,18,17,21,4,1,0,0,1,0,0,49,9,13,9,8,10,64,3,18,18,21,4,113,12,31,27,29,14
"4579","140981409",1,305,168,2,57,70,34,5,6,1,1,3,1,0,131,28,24,31,27,21,174,3,58,73,35,5,305,31,82,104,62,26
"4580","140630909",1,108,73,2,21,30,17,3,0,0,0,0,0,0,35,6,10,8,4,7,73,2,21,30,17,3,108,8,31,38,21,10
"4581","140981404",1,124,88,3,21,43,14,7,1,0,1,0,0,0,35,10,8,13,2,2,89,3,22,43,14,7,124,13,30,56,16,9
"4582","140981403",1,97,73,0,27,28,15,3,0,0,0,0,0,0,24,3,6,6,5,4,73,0,27,28,15,3,97,3,33,34,20,7
"4583","140840301",1,61,47,2,15,17,11,2,1,0,1,0,0,0,13,1,6,5,1,0,48,2,16,17,11,2,61,3,22,22,12,2
"4584","140840101",1,104,75,2,19,27,23,4,1,0,1,0,0,0,28,1,6,7,10,4,76,2,20,27,23,4,104,3,26,34,33,8
"4585","140840102",1,116,76,4,9,40,22,1,2,0,1,1,0,0,38,8,9,11,8,2,78,4,10,41,22,1,116,12,19,52,30,3
"4586","140840201",1,50,32,1,5,15,7,4,0,0,0,0,0,0,18,4,3,6,3,2,32,1,5,15,7,4,50,5,8,21,10,6
"4587","140840202",1,51,37,1,13,15,6,2,0,0,0,0,0,0,14,2,2,6,2,2,37,1,13,15,6,2,51,3,15,21,8,4
"4588","140981310",1,132,84,1,31,32,18,2,3,0,0,2,1,0,45,3,10,7,12,13,87,1,31,34,19,2,132,4,41,41,31,15
"4589","140981313",1,423,233,10,74,93,44,12,9,0,4,5,0,0,181,35,40,41,23,42,242,10,78,98,44,12,423,45,118,139,67,54
"4590","140840302",1,132,92,3,38,35,14,2,1,0,1,0,0,0,39,10,14,9,2,4,93,3,39,35,14,2,132,13,53,44,16,6
"4591","140840303",1,69,54,4,16,18,11,5,1,0,1,0,0,0,14,2,5,4,2,1,55,4,17,18,11,5,69,6,22,22,13,6
"4592","140840304",1,57,34,0,7,16,7,4,0,0,0,0,0,0,23,1,9,7,3,3,34,0,7,16,7,4,57,1,16,23,10,7
"4593","140981309",1,121,99,5,27,32,26,9,0,0,0,0,0,0,22,7,6,6,3,0,99,5,27,32,26,9,121,12,33,38,29,9
"4594","140982901",1,607,383,13,101,197,58,14,12,1,5,5,1,0,212,57,38,36,30,51,395,14,106,202,59,14,607,71,144,238,89,65
"4595","141820715",1,722,427,20,112,174,96,25,12,1,2,9,0,0,283,52,49,41,46,95,439,21,114,183,96,25,722,73,163,224,142,120
"4596","140982903",1,361,224,10,56,86,49,23,11,1,6,4,0,0,126,24,19,15,18,50,235,11,62,90,49,23,361,35,81,105,67,73
"4597","140982902",1,682,355,8,97,185,52,13,23,0,13,6,3,1,304,70,58,56,40,80,378,8,110,191,55,14,682,78,168,247,95,94
"4598","141820716",1,558,314,19,74,133,69,19,6,0,2,2,2,0,238,43,31,27,36,101,320,19,76,135,71,19,558,62,107,162,107,120
"4599","140982904",1,499,292,6,72,129,69,16,17,1,4,8,3,1,190,40,27,24,26,73,309,7,76,137,72,17,499,47,103,161,98,90
"4600","140982905",1,472,282,13,88,108,60,13,18,1,9,3,5,0,172,35,41,37,25,34,300,14,97,111,65,13,472,49,138,148,90,47
"4601","140982907",1,309,171,4,38,67,43,19,6,1,2,2,1,0,132,17,15,16,25,59,177,5,40,69,44,19,309,22,55,85,69,78
"4602","140982908",1,357,207,2,45,91,49,20,4,1,1,2,0,0,146,25,20,17,28,56,211,3,46,93,49,20,357,28,66,110,77,76
"4603","140982906",1,527,310,9,81,124,59,37,11,1,2,5,1,2,206,35,32,26,32,81,321,10,83,129,60,39,527,45,115,155,92,120
"4604","140982909",1,438,270,5,70,135,47,13,11,2,3,3,3,0,157,22,27,11,31,66,281,7,73,138,50,13,438,29,100,149,81,79
"4605","140982911",1,574,338,11,82,163,65,17,19,2,6,8,3,0,217,54,43,39,36,45,357,13,88,171,68,17,574,67,131,210,104,62
"4606","140982910",1,629,418,14,100,205,80,19,8,0,4,3,1,0,203,43,46,28,39,47,426,14,104,208,81,19,629,57,150,236,120,66
"4607","140982912",1,603,343,12,110,132,81,8,32,5,6,16,5,0,228,58,48,39,41,42,375,17,116,148,86,8,603,75,164,187,127,50
"4608","140982913",1,671,422,13,115,203,80,11,19,4,9,4,2,0,230,55,56,41,35,43,441,17,124,207,82,11,671,72,180,248,117,54
"4609","140982914",1,791,491,20,116,224,116,15,21,3,8,8,2,0,279,66,73,38,40,62,512,23,124,232,118,15,791,89,197,270,158,77
"4610","140840305",1,79,52,1,10,25,15,1,0,0,0,0,0,0,27,4,10,11,2,0,52,1,10,25,15,1,79,5,20,36,17,1
"4611","140981405",1,123,97,9,23,41,19,5,0,0,0,0,0,0,26,5,5,10,3,3,97,9,23,41,19,5,123,14,28,51,22,8
"4612","140981407",1,89,64,1,17,31,12,3,0,0,0,0,0,0,25,3,2,10,5,5,64,1,17,31,12,3,89,4,19,41,17,8
"4613","140350101",1,38,31,0,8,11,9,3,0,0,0,0,0,0,7,2,1,3,0,1,31,0,8,11,9,3,38,2,9,14,9,4
"4614","140840313",1,460,284,16,70,124,54,20,5,1,4,0,0,0,171,37,25,28,29,52,289,17,74,124,54,20,460,54,99,152,83,72
"4615","140981410",1,719,376,12,101,174,75,14,21,3,12,3,2,1,322,67,89,66,38,62,397,15,113,177,77,15,719,82,202,243,115,77
"4616","140840314",1,531,341,16,80,152,83,10,9,0,7,1,1,0,181,39,30,20,28,64,350,16,87,153,84,10,531,55,117,173,112,74
"4617","140981408",1,101,98,2,36,36,23,1,0,0,0,0,0,0,3,1,1,1,0,0,98,2,36,36,23,1,101,3,37,37,23,1
"4618","140840104",1,45,33,2,9,11,6,5,2,0,1,1,0,0,10,3,3,1,1,2,35,2,10,12,6,5,45,5,13,13,7,7
"4619","140840106",1,820,507,14,126,227,110,30,22,3,10,6,3,0,291,54,38,49,51,99,529,17,136,233,113,30,820,71,174,282,164,129
"4620","140840107",1,539,307,6,64,116,88,33,7,1,3,1,2,0,225,25,24,16,56,104,314,7,67,117,90,33,539,32,91,133,146,137
"4621","140840108",1,889,581,19,141,221,158,42,27,1,12,9,2,3,281,59,42,28,55,97,608,20,153,230,160,45,889,79,195,258,215,142
"4622","140840308",1,63,47,3,9,19,13,3,0,0,0,0,0,0,16,5,5,6,0,0,47,3,9,19,13,3,63,8,14,25,13,3
"4623","140840109",1,681,426,18,104,211,69,24,18,1,10,6,0,1,237,44,44,33,26,90,444,19,114,217,69,25,681,63,158,250,95,115
"4624","140840110",1,645,376,14,101,166,73,22,17,2,9,2,2,2,252,48,41,37,45,81,393,16,110,168,75,24,645,64,151,205,120,105
"4625","140840111",1,788,491,26,151,190,110,14,40,9,14,11,6,0,257,67,41,41,42,66,531,35,165,201,116,14,788,102,206,242,158,80
"4626","140840103",1,102,65,3,26,19,10,7,0,0,0,0,0,0,37,1,8,6,11,11,65,3,26,19,10,7,102,4,34,25,21,18
"4627","140840204",1,104,65,2,11,32,17,3,7,2,2,3,0,0,32,8,9,4,6,5,72,4,13,35,17,3,104,12,22,39,23,8
"4628","140840203",1,44,29,1,6,10,9,3,1,0,1,0,0,0,14,0,1,5,1,7,30,1,7,10,9,3,44,1,8,15,10,10
"4629","140350104",1,59,48,1,16,21,8,2,0,0,0,0,0,0,11,2,3,3,3,0,48,1,16,21,8,2,59,3,19,24,11,2
"4630","140981406",1,86,73,2,24,33,10,4,0,0,0,0,0,0,13,0,6,2,3,2,73,2,24,33,10,4,86,2,30,35,13,6
"4631","140840307",1,59,27,0,9,12,4,2,0,0,0,0,0,0,32,11,6,6,4,5,27,0,9,12,4,2,59,11,15,18,8,7
"4632","140350103",1,114,81,10,19,24,22,6,0,0,0,0,0,0,33,7,6,9,6,5,81,10,19,24,22,6,114,17,25,33,28,11
"4633","140840306",1,49,30,0,11,16,2,1,0,0,0,0,0,0,19,4,7,6,1,1,30,0,11,16,2,1,49,4,18,22,3,2
"4634","140350201",1,65,46,1,10,26,8,1,1,0,0,1,0,0,18,4,4,5,1,4,47,1,10,27,8,1,65,5,14,32,9,5
"4635","140840205",1,60,38,0,13,14,10,1,0,0,0,0,0,0,22,2,4,8,2,6,38,0,13,14,10,1,60,2,17,22,12,7
"4636","140350107",1,255,151,9,43,62,31,6,11,0,5,5,1,0,93,18,16,21,23,15,162,9,48,67,32,6,255,27,64,88,55,21
"4637","140350102",1,28,20,0,4,10,4,2,0,0,0,0,0,0,8,2,3,1,1,1,20,0,4,10,4,2,28,2,7,11,5,3
"4638","140840501",1,690,371,18,88,188,64,13,16,0,12,3,1,0,303,71,49,44,67,72,387,18,100,191,65,13,690,89,149,235,132,85
"4639","140840502",1,464,274,18,94,93,52,17,18,3,10,2,2,1,172,30,36,24,25,57,292,21,104,95,54,18,464,51,140,119,79,75
"4640","140840503",1,474,239,8,82,99,44,6,23,3,11,5,4,0,212,46,45,48,33,40,262,11,93,104,48,6,474,57,138,152,81,46
"4641","140840505",1,627,363,9,107,157,75,15,23,2,13,7,1,0,241,58,46,39,38,60,386,11,120,164,76,15,627,69,166,203,114,75
"4642","140840506",1,584,341,4,100,141,77,19,21,3,10,3,4,1,222,50,32,24,41,75,362,7,110,144,81,20,584,57,142,168,122,95
"4643","140840507",1,593,330,7,97,132,65,29,21,1,10,5,4,1,242,37,32,29,44,100,351,8,107,137,69,30,593,45,139,166,113,130
"4644","140840504",1,791,458,10,140,226,64,18,31,5,10,14,1,1,302,67,58,66,31,80,489,15,150,240,65,19,791,82,208,306,96,99
"4645","140840508",1,750,415,8,115,181,83,28,14,2,6,4,0,2,321,37,40,42,50,152,429,10,121,185,83,30,750,47,161,227,133,182
"4646","140840509",1,527,266,5,64,114,62,21,14,0,4,6,2,2,247,31,17,18,52,129,280,5,68,120,64,23,527,36,85,138,116,152
"4647","140840510",1,433,240,2,55,93,54,36,12,0,6,4,2,0,181,19,17,16,23,106,252,2,61,97,56,36,433,21,78,113,79,142
"4648","140840511",1,579,337,4,72,149,84,28,14,3,5,3,3,0,228,43,17,19,35,114,351,7,77,152,87,28,579,50,94,171,122,142
"4649","140840512",1,766,466,11,132,187,122,14,18,0,10,6,1,1,282,64,39,40,43,96,484,11,142,193,123,15,766,75,181,233,166,111
"4650","140840517",1,456,278,4,59,115,79,21,7,0,4,2,1,0,171,22,13,18,23,95,285,4,63,117,80,21,456,26,76,135,103,116
"4651","140840513",1,549,326,6,54,182,76,8,12,1,9,1,1,0,211,35,20,23,41,92,338,7,63,183,77,8,549,42,83,206,118,100
"4652","140840516",1,616,334,5,55,134,86,54,13,0,10,2,1,0,269,33,30,22,43,141,347,5,65,136,87,54,616,38,95,158,130,195
"4653","140840518",1,536,298,11,69,124,74,20,18,2,12,2,1,1,220,40,21,31,44,84,316,13,81,126,75,21,536,53,102,157,119,105
"4654","140840515",1,540,314,4,55,133,87,35,8,0,7,1,0,0,218,30,10,16,26,136,322,4,62,134,87,35,540,34,72,150,113,171
"4655","140840514",1,854,497,8,111,233,116,29,15,3,8,2,2,0,342,73,42,45,63,119,512,11,119,235,118,29,854,84,161,280,181,148
"4656","140840519",1,567,312,8,82,133,70,19,15,1,8,6,0,0,240,40,45,49,37,69,327,9,90,139,70,19,567,49,135,188,107,88
"4657","140840520",1,382,226,1,41,102,60,22,9,1,4,1,2,1,147,23,11,13,33,67,235,2,45,103,62,23,382,25,56,116,95,90
"4658","140840522",1,576,346,2,68,152,101,23,8,0,5,1,2,0,222,37,21,19,43,102,354,2,73,153,103,23,576,39,94,172,146,125
"4659","140840523",1,630,377,10,86,196,72,13,30,8,12,4,5,1,223,64,45,33,33,48,407,18,98,200,77,14,630,82,143,233,110,62
"4660","140840521",1,684,420,10,113,185,92,20,14,2,6,3,3,0,250,55,40,43,46,66,434,12,119,188,95,20,684,67,159,231,141,86
"4661","140840524",1,585,358,4,85,188,65,16,26,3,11,11,1,0,201,58,32,27,39,45,384,7,96,199,66,16,585,65,128,226,105,61
"4662","140840526",1,504,337,7,66,182,75,7,15,0,7,7,1,0,152,43,33,26,20,30,352,7,73,189,76,7,504,50,106,215,96,37
"4663","140840527",1,408,281,12,62,144,52,11,9,1,3,3,2,0,118,30,18,21,15,34,290,13,65,147,54,11,408,43,83,168,69,45
"4664","140840525",1,470,281,8,51,124,75,23,12,1,5,5,1,0,177,19,14,16,28,100,293,9,56,129,76,23,470,28,70,145,104,123
"4665","140840206",1,128,85,5,23,30,18,9,1,0,0,1,0,0,42,8,6,14,5,9,86,5,23,31,18,9,128,13,29,45,23,18
"4666","140840309",1,59,39,1,5,20,8,5,0,0,0,0,0,0,20,2,3,5,4,6,39,1,5,20,8,5,59,3,8,25,12,11
"4667","140350202",1,69,46,1,12,16,13,4,0,0,0,0,0,0,23,4,6,5,2,6,46,1,12,16,13,4,69,5,18,21,15,10
"4668","140840401",1,82,56,1,11,23,21,0,0,0,0,0,0,0,26,5,4,6,6,5,56,1,11,23,21,0,82,6,15,29,27,5
"4669","140840105",1,45,34,0,10,10,14,0,0,0,0,0,0,0,11,2,3,4,1,1,34,0,10,10,14,0,45,2,13,14,15,1
"4670","140840315",1,402,203,5,50,89,52,7,10,0,5,5,0,0,189,39,29,26,28,67,213,5,55,94,52,7,402,44,84,120,80,74
"4671","140350203",1,46,32,1,10,13,7,1,2,1,0,0,1,0,12,2,2,3,2,3,34,2,10,13,8,1,46,4,12,16,10,4
"4672","140840310",1,54,36,4,5,14,12,1,2,0,1,1,0,0,16,6,2,3,3,2,38,4,6,15,12,1,54,10,8,18,15,3
"4673","140350204",1,44,26,2,4,7,11,2,0,0,0,0,0,0,18,3,3,6,5,1,26,2,4,7,11,2,44,5,7,13,16,3
"4674","140350205",1,40,28,0,8,10,8,2,0,0,0,0,0,0,12,2,2,3,3,2,28,0,8,10,8,2,40,2,10,13,11,4
"4675","140840208",1,86,63,2,10,28,20,3,1,0,0,1,0,0,22,4,5,8,3,2,64,2,10,29,20,3,86,6,15,37,23,5
"4676","140840207",1,112,69,3,22,20,16,8,4,0,1,1,2,0,39,3,19,9,5,3,73,3,23,21,18,8,112,6,42,30,23,11
"4677","140840312",1,57,46,0,7,20,12,7,0,0,0,0,0,0,11,0,3,2,4,2,46,0,7,20,12,7,57,0,10,22,16,9
"4678","140840402",1,124,81,3,24,35,12,7,0,0,0,0,0,0,43,3,13,14,8,5,81,3,24,35,12,7,124,6,37,49,20,12
"4679","140840403",1,32,22,3,3,9,7,0,0,0,0,0,0,0,10,3,1,4,2,0,22,3,3,9,7,0,32,6,4,13,9,0
"4680","140840316",1,368,171,6,43,75,41,6,13,1,4,6,0,2,184,43,33,38,22,48,184,7,47,81,41,8,368,50,80,119,63,56
"4681","140840311",1,42,24,2,2,6,7,7,0,0,0,0,0,0,18,0,3,6,7,2,24,2,2,6,7,7,42,2,5,12,14,9
"4682","140350108",1,833,476,15,128,225,73,35,24,1,10,7,4,2,333,63,60,69,44,97,500,16,138,232,77,37,833,79,198,301,121,134
"4683","140350110",1,631,388,26,119,159,74,10,29,1,13,11,3,1,214,60,52,48,25,29,417,27,132,170,77,11,631,87,184,218,102,40
"4684","140350109",1,719,463,8,112,212,106,25,8,0,3,5,0,0,248,49,50,45,38,66,471,8,115,217,106,25,719,57,165,262,144,91
"4685","140350106",1,92,63,2,12,31,16,2,1,0,1,0,0,0,28,4,8,9,2,5,64,2,13,31,16,2,92,6,21,40,18,7
"4686","140840404",1,170,106,3,31,39,24,9,3,1,1,1,0,0,61,8,10,14,13,16,109,4,32,40,24,9,170,12,42,54,37,25
"4687","140840405",1,214,143,5,35,69,26,8,1,1,0,0,0,0,70,19,17,15,14,5,144,6,35,69,26,8,214,25,52,84,40,13
"4688","140840209",1,281,145,1,38,63,30,13,17,4,5,5,3,0,119,21,21,14,22,41,162,5,43,68,33,13,281,26,64,82,55,54
"4689","140840210",1,672,394,7,84,174,108,21,5,0,2,1,2,0,273,47,47,35,46,98,399,7,86,175,110,21,672,54,133,210,156,119
"4690","140350210",1,480,291,25,88,130,37,11,21,2,8,10,1,0,168,39,44,40,20,25,312,27,96,140,38,11,480,66,140,180,58,36
"4691","140350211",1,538,330,18,110,142,52,8,20,2,9,7,2,0,188,45,40,37,27,39,350,20,119,149,54,8,538,65,159,186,81,47
"4692","140350213",1,811,482,5,117,221,112,27,5,0,2,2,0,1,324,59,54,65,51,95,487,5,119,223,112,28,811,64,173,288,163,123
"4693","140350105",1,57,49,0,15,25,6,3,0,0,0,0,0,0,8,0,4,3,1,0,49,0,15,25,6,3,57,0,19,28,7,3
"4694","140350302",1,37,30,2,4,14,9,1,0,0,0,0,0,0,7,1,1,2,2,1,30,2,4,14,9,1,37,3,5,16,11,2
"4695","140350207",1,50,25,1,6,11,7,0,4,0,2,1,0,1,21,3,7,5,2,4,29,1,8,12,7,1,50,4,15,17,9,5
"4696","140350301",1,82,53,3,9,32,7,2,1,0,1,0,0,0,28,3,7,13,2,3,54,3,10,32,7,2,82,6,17,45,9,5
"4697","140350212",1,800,493,8,115,201,128,41,8,0,2,3,3,0,299,38,54,53,49,105,501,8,117,204,131,41,800,46,171,257,180,146
"4698","140350208",1,102,76,0,25,36,12,3,0,0,0,0,0,0,26,6,7,4,6,3,76,0,25,36,12,3,102,6,32,40,18,6
"4699","140350209",1,37,29,0,11,8,8,2,1,0,0,1,0,0,7,1,3,1,1,1,30,0,11,9,8,2,37,1,14,10,9,3
"4700","140350206",1,240,146,5,36,67,35,3,0,0,0,0,0,0,94,21,21,25,10,17,146,5,36,67,35,3,240,26,57,92,45,20
"4701","140840407",1,513,304,5,78,135,66,20,4,0,1,1,2,0,205,33,22,18,36,96,308,5,79,136,68,20,513,38,101,154,104,116
"4702","140840409",1,733,458,12,125,210,96,15,20,3,9,5,2,1,255,51,47,46,42,69,478,15,134,215,98,16,733,66,181,261,140,85
"4703","140350214",1,627,371,14,78,157,91,31,9,2,4,0,3,0,247,37,45,37,39,89,380,16,82,157,94,31,627,53,127,194,133,120
"4704","140840406",1,482,263,9,63,131,45,15,4,0,3,1,0,0,215,23,39,21,37,95,267,9,66,132,45,15,482,32,105,153,82,110
"4705","140350215",1,762,449,16,111,192,109,21,13,0,8,2,2,1,300,48,59,44,53,96,462,16,119,194,111,22,762,64,178,238,164,118
"4706","140840408",1,732,448,14,115,183,107,29,19,2,13,2,2,0,265,58,41,44,51,71,467,16,128,185,109,29,732,74,169,229,160,100
"4707","140350310",1,377,218,8,62,85,49,14,9,1,4,1,3,0,150,30,27,18,17,58,227,9,66,86,52,14,377,39,93,104,69,72
"4708","140350303",1,199,143,9,42,68,19,5,2,0,2,0,0,0,54,14,12,19,1,8,145,9,44,68,19,5,199,23,56,87,20,13
"4709","140350313",1,625,334,9,77,149,82,17,3,0,2,0,1,0,288,50,44,45,43,106,337,9,79,149,83,17,625,59,123,194,126,123
"4710","140350311",1,737,496,24,160,187,100,25,8,2,4,1,1,0,233,50,47,38,41,57,504,26,164,188,101,25,737,76,211,226,142,82
"4711","140350312",1,635,373,7,104,144,86,32,4,0,2,1,0,1,258,33,34,27,58,106,377,7,106,145,86,33,635,40,140,172,144,139
"4712","140350315",1,692,439,12,92,206,100,29,15,2,8,3,2,0,238,41,38,27,39,93,454,14,100,209,102,29,692,55,138,236,141,122
"4713","140350314",1,551,369,14,84,186,74,11,8,1,5,2,0,0,174,44,26,35,16,53,377,15,89,188,74,11,551,59,115,223,90,64
"4714","140350304",1,166,132,6,31,61,26,8,1,0,0,1,0,0,33,5,10,6,7,5,133,6,31,62,26,8,166,11,41,68,33,13
"4715","140350501",1,24,22,0,8,7,5,2,0,0,0,0,0,0,2,0,1,1,0,0,22,0,8,7,5,2,24,0,9,8,5,2
"4716","140350502",1,95,88,1,28,35,20,4,0,0,0,0,0,0,7,0,3,1,2,1,88,1,28,35,20,4,95,1,31,36,22,5
"4717","140350503",1,63,51,1,12,21,15,2,0,0,0,0,0,0,12,3,2,4,1,2,51,1,12,21,15,2,63,4,14,25,16,4
"4718","140350504",1,94,69,1,15,37,13,3,0,0,0,0,0,0,25,5,8,7,3,2,69,1,15,37,13,3,94,6,23,44,16,5
"4719","140350401",1,62,37,0,9,16,9,3,1,0,0,1,0,0,24,1,8,5,4,6,38,0,9,17,9,3,62,1,17,22,13,9
"4720","140350402",1,114,86,1,18,43,21,3,2,0,0,1,1,0,26,5,7,7,5,2,88,1,18,44,22,3,114,6,25,51,27,5
"4721","140350305",1,173,119,3,33,49,29,5,0,0,0,0,0,0,54,8,20,13,8,5,119,3,33,49,29,5,173,11,53,62,37,10
"4722","140350306",1,158,103,6,28,33,28,8,1,0,1,0,0,0,54,8,11,7,13,15,104,6,29,33,28,8,158,14,40,40,41,23
"4723","140350308",1,103,60,1,9,23,23,4,1,0,1,0,0,0,42,10,10,14,7,1,61,1,10,23,23,4,103,11,20,37,30,5
"4724","140350307",1,411,282,7,79,111,68,17,4,2,1,1,0,0,125,27,30,24,14,30,286,9,80,112,68,17,411,36,110,136,82,47
"4725","140350309",1,102,66,4,17,23,18,4,1,0,0,1,0,0,35,12,9,8,1,5,67,4,17,24,18,4,102,16,26,32,19,9
"4726","140350316",1,565,341,6,77,133,108,17,10,2,6,1,1,0,214,30,34,31,34,85,351,8,83,134,109,17,565,38,117,165,143,102
"4727","140350317",1,789,488,15,133,170,126,44,14,1,6,5,2,0,287,37,51,37,47,115,502,16,139,175,128,44,789,53,190,212,175,159
"4728","140350507",1,40,33,1,9,12,8,3,1,0,0,1,0,0,6,0,3,2,1,0,34,1,9,13,8,3,40,1,12,15,9,3
"4729","140350506",1,85,74,2,16,34,15,7,0,0,0,0,0,0,11,0,3,4,4,0,74,2,16,34,15,7,85,2,19,38,19,7
"4730","140350318",1,849,568,18,143,211,134,62,7,0,3,1,3,0,274,56,39,39,38,102,575,18,146,212,137,62,849,74,185,251,175,164
"4731","140350505",1,74,57,0,10,21,18,8,0,0,0,0,0,0,17,1,6,7,3,0,57,0,10,21,18,8,74,1,16,28,21,8
"4732","140350509",1,510,283,11,79,121,59,13,15,1,6,4,3,1,212,34,44,30,40,64,298,12,85,125,62,14,510,46,129,155,102,78
"4733","140350508",1,535,342,10,99,165,56,12,13,0,9,4,0,0,180,34,43,36,21,46,355,10,108,169,56,12,535,44,151,205,77,58
"4734","140350406",1,868,513,19,123,248,94,29,12,3,7,2,0,0,343,90,71,45,50,87,525,22,130,250,94,29,868,112,201,295,144,116
"4735","140350405",1,663,396,15,135,148,80,18,18,0,8,6,4,0,249,49,49,40,37,74,414,15,143,154,84,18,663,64,192,194,121,92
"4736","140350404",1,529,329,14,99,140,66,10,21,0,7,8,5,1,179,45,34,29,25,46,350,14,106,148,71,11,529,59,140,177,96,57
"4737","140350510",1,532,289,5,75,137,56,16,10,0,4,5,1,0,233,49,57,41,39,47,299,5,79,142,57,16,532,54,136,183,96,63
"4738","140350511",1,587,322,5,56,150,83,28,13,0,7,5,1,0,252,33,39,29,36,115,335,5,63,155,84,28,587,38,102,184,120,143
"4739","140350512",1,927,553,19,146,226,132,30,19,2,11,3,3,0,355,65,74,55,60,101,572,21,157,229,135,30,927,86,231,284,195,131
"4740","140350514",1,508,322,10,94,168,43,7,6,0,4,2,0,0,180,32,66,45,21,16,328,10,98,170,43,7,508,42,164,215,64,23
"4741","140350414",1,686,407,20,129,168,72,18,32,5,16,10,1,0,247,59,49,30,32,77,439,25,145,178,73,18,686,84,194,208,105,95
"4742","140350413",1,581,347,3,94,126,98,26,12,0,10,1,1,0,222,37,34,17,33,101,359,3,104,127,99,26,581,40,138,144,132,127
"4743","140350403",1,163,109,3,20,43,30,13,6,1,3,1,1,0,48,4,10,15,9,10,115,4,23,44,31,13,163,8,33,59,40,23
"4744","140350411",1,394,241,5,52,104,54,26,5,0,3,0,2,0,148,17,19,12,18,82,246,5,55,104,56,26,394,22,74,116,74,108
"4745","140350407",1,604,365,6,85,165,94,15,11,0,7,1,3,0,228,36,48,20,41,83,376,6,92,166,97,15,604,42,140,186,138,98
"4746","140350513",1,662,361,1,74,148,102,36,15,2,5,6,1,1,286,48,50,31,39,118,376,3,79,154,103,37,662,51,129,185,142,155
"4747","140350410",1,467,252,1,46,104,77,24,7,0,4,2,1,0,208,29,41,19,32,87,259,1,50,106,78,24,467,30,91,125,110,111
"4748","140350408",1,415,221,1,45,103,54,18,9,0,6,3,0,0,185,23,33,18,28,83,230,1,51,106,54,18,415,24,84,124,82,101
"4749","140350412",1,614,387,12,120,132,82,41,10,0,6,2,1,1,217,41,31,27,29,89,397,12,126,134,83,42,614,53,157,161,112,131
"4750","140350415",1,799,528,24,164,225,99,16,28,3,16,7,1,1,243,59,63,52,29,40,556,27,180,232,100,17,799,86,243,284,129,57
"4751","140350409",1,564,340,7,66,160,90,17,11,1,4,3,3,0,213,42,50,27,35,59,351,8,70,163,93,17,564,50,120,190,128,76
